#Time: 20250306 103419
#Direction: Positive
#Lamp current: 1.441407
#Interferometer temperature: 17.660000
#Interferometer humidity: 38.925056
#Laser wavelength(nm): 790.087493
#VCM speed: 5000
#Resolution: 8
#Gain: 1
#Acquisition Times: 16
#Spectra: Power spectra
#XUnit: cm-1
4000.000000,0.005656
4003.078696,0.005977
4006.157393,0.006312
4009.236089,0.006693
4012.314786,0.007106
4015.393482,0.007551
4018.472178,0.008010
4021.550875,0.008506
4024.629571,0.009038
4027.708268,0.009639
4030.786964,0.010298
4033.865660,0.011001
4036.944357,0.011749
4040.023053,0.012538
4043.101750,0.013386
4046.180446,0.014322
4049.259142,0.015356
4052.337839,0.016466
4055.416535,0.017634
4058.495232,0.018869
4061.573928,0.020185
4064.652625,0.021593
4067.731321,0.023092
4070.810017,0.024681
4073.888714,0.026359
4076.967410,0.028122
4080.046107,0.029970
4083.124803,0.031902
4086.203499,0.033929
4089.282196,0.036058
4092.360892,0.038279
4095.439589,0.040564
4098.518285,0.042880
4101.596981,0.045213
4104.675678,0.047575
4107.754374,0.049995
4110.833071,0.052466
4113.911767,0.054953
4116.990463,0.057423
4120.069160,0.059876
4123.147856,0.062326
4126.226553,0.064778
4129.305249,0.067216
4132.383945,0.069621
4135.462642,0.071985
4138.541338,0.074308
4141.620035,0.076588
4144.698731,0.078828
4147.777427,0.081027
4150.856124,0.083179
4153.934820,0.085277
4157.013517,0.087328
4160.092213,0.089357
4163.170910,0.091376
4166.249606,0.093374
4169.328302,0.095332
4172.406999,0.097244
4175.485695,0.099116
4178.564392,0.100962
4181.643088,0.102794
4184.721784,0.104621
4187.800481,0.106442
4190.879177,0.108257
4193.957874,0.110065
4197.036570,0.111868
4200.115266,0.113655
4203.193963,0.115425
4206.272659,0.117189
4209.351356,0.118955
4212.430052,0.120715
4215.508748,0.122455
4218.587445,0.124168
4221.666141,0.125851
4224.744838,0.127497
4227.823534,0.129104
4230.902230,0.130685
4233.980927,0.132266
4237.059623,0.133870
4240.138320,0.135509
4243.217016,0.137174
4246.295712,0.138842
4249.374409,0.140500
4252.453105,0.142147
4255.531802,0.143778
4258.610498,0.145375
4261.689195,0.146917
4264.767891,0.148403
4267.846587,0.149856
4270.925284,0.151319
4274.003980,0.152822
4277.082677,0.154375
4280.161373,0.155959
4283.240069,0.157540
4286.318766,0.159076
4289.397462,0.160546
4292.476159,0.161963
4295.554855,0.163358
4298.633551,0.164752
4301.712248,0.166161
4304.790944,0.167598
4307.869641,0.169068
4310.948337,0.170555
4314.027033,0.172035
4317.105730,0.173494
4320.184426,0.174928
4323.263123,0.176339
4326.341819,0.177729
4329.420515,0.179102
4332.499212,0.180466
4335.577908,0.181821
4338.656605,0.183161
4341.735301,0.184477
4344.813997,0.185777
4347.892694,0.187069
4350.971390,0.188344
4354.050087,0.189595
4357.128783,0.190833
4360.207480,0.192078
4363.286176,0.193331
4366.364872,0.194578
4369.443569,0.195804
4372.522265,0.196994
4375.600962,0.198126
4378.679658,0.199195
4381.758354,0.200218
4384.837051,0.201221
4387.915747,0.202219
4390.994444,0.203222
4394.073140,0.204232
4397.151836,0.205229
4400.230533,0.206166
4403.309229,0.207014
4406.387926,0.207787
4409.466622,0.208524
4412.545318,0.209251
4415.624015,0.209969
4418.702711,0.210679
4421.781408,0.211381
4424.860104,0.212076
4427.938800,0.212767
4431.017497,0.213457
4434.096193,0.214134
4437.174890,0.214785
4440.253586,0.215424
4443.332282,0.216079
4446.410979,0.216767
4449.489675,0.217482
4452.568372,0.218209
4455.647068,0.218941
4458.725765,0.219675
4461.804461,0.220425
4464.883157,0.221212
4467.961854,0.222029
4471.040550,0.222847
4474.119247,0.223642
4477.197943,0.224413
4480.276639,0.225174
4483.355336,0.225923
4486.434032,0.226655
4489.512729,0.227376
4492.591425,0.228114
4495.670121,0.228911
4498.748818,0.229810
4501.827514,0.230827
4504.906211,0.231924
4507.984907,0.233029
4511.063603,0.234094
4514.142300,0.235125
4517.220996,0.236169
4520.299693,0.237279
4523.378389,0.238486
4526.457085,0.239784
4529.535782,0.241159
4532.614478,0.242609
4535.693175,0.244152
4538.771871,0.245797
4541.850567,0.247542
4544.929264,0.249378
4548.007960,0.251309
4551.086657,0.253344
4554.165353,0.255489
4557.244049,0.257724
4560.322746,0.259991
4563.401442,0.262215
4566.480139,0.264346
4569.558835,0.266368
4572.637532,0.268290
4575.716228,0.270139
4578.794924,0.271963
4581.873621,0.273817
4584.952317,0.275726
4588.031014,0.277668
4591.109710,0.279579
4594.188406,0.281400
4597.267103,0.283097
4600.345799,0.284668
4603.424496,0.286131
4606.503192,0.287521
4609.581888,0.288865
4612.660585,0.290161
4615.739281,0.291375
4618.817978,0.292487
4621.896674,0.293539
4624.975370,0.294623
4628.054067,0.295824
4631.132763,0.297140
4634.211460,0.298482
4637.290156,0.299728
4640.368852,0.300785
4643.447549,0.301620
4646.526245,0.302280
4649.604942,0.302883
4652.683638,0.303561
4655.762334,0.304384
4658.841031,0.305327
4661.919727,0.306310
4664.998424,0.307242
4668.077120,0.308054
4671.155817,0.308737
4674.234513,0.309379
4677.313209,0.310125
4680.391906,0.311041
4683.470602,0.312058
4686.549299,0.313038
4689.627995,0.313885
4692.706691,0.314570
4695.785388,0.315121
4698.864084,0.315639
4701.942781,0.316274
4705.021477,0.317120
4708.100173,0.318115
4711.178870,0.319084
4714.257566,0.319873
4717.336263,0.320420
4720.414959,0.320758
4723.493655,0.321015
4726.572352,0.321381
4729.651048,0.322012
4732.729745,0.322898
4735.808441,0.323873
4738.887137,0.324731
4741.965834,0.325359
4745.044530,0.325773
4748.123227,0.326091
4751.201923,0.326468
4754.280619,0.327022
4757.359316,0.327756
4760.438012,0.328550
4763.516709,0.329235
4766.595405,0.329705
4769.674102,0.329971
4772.752798,0.330144
4775.831494,0.330373
4778.910191,0.330762
4781.988887,0.331317
4785.067584,0.331952
4788.146280,0.332545
4791.224976,0.333000
4794.303673,0.333304
4797.382369,0.333527
4800.461066,0.333774
4803.539762,0.334109
4806.618458,0.334532
4809.697155,0.334992
4812.775851,0.335424
4815.854548,0.335778
4818.933244,0.336051
4822.011940,0.336296
4825.090637,0.336590
4828.169333,0.336974
4831.248030,0.337428
4834.326726,0.337894
4837.405422,0.338308
4840.484119,0.338631
4843.562815,0.338866
4846.641512,0.339062
4849.720208,0.339288
4852.798904,0.339582
4855.877601,0.339926
4858.956297,0.340270
4862.034994,0.340570
4865.113690,0.340792
4868.192387,0.340924
4871.271083,0.341003
4874.349779,0.341110
4877.428476,0.341314
4880.507172,0.341616
4883.585869,0.341956
4886.664565,0.342266
4889.743261,0.342504
4892.821958,0.342669
4895.900654,0.342788
4898.979351,0.342911
4902.058047,0.343092
4905.136743,0.343363
4908.215440,0.343705
4911.294136,0.344072
4914.372833,0.344423
4917.451529,0.344740
4920.530225,0.345019
4923.608922,0.345271
4926.687618,0.345516
4929.766315,0.345775
4932.845011,0.346049
4935.923707,0.346318
4939.002404,0.346560
4942.081100,0.346764
4945.159797,0.346927
4948.238493,0.347044
4951.317189,0.347116
4954.395886,0.347153
4957.474582,0.347181
4960.553279,0.347239
4963.631975,0.347361
4966.710672,0.347559
4969.789368,0.347824
4972.868064,0.348122
4975.946761,0.348398
4979.025457,0.348586
4982.104154,0.348660
4985.182850,0.348664
4988.261546,0.348689
4991.340243,0.348813
4994.418939,0.349062
4997.497636,0.349405
5000.576332,0.349789
5003.655028,0.350175
5006.733725,0.350549
5009.812421,0.350897
5012.891118,0.351207
5015.969814,0.351480
5019.048510,0.351726
5022.127207,0.351958
5025.205903,0.352178
5028.284600,0.352385
5031.363296,0.352583
5034.441992,0.352789
5037.520689,0.353007
5040.599385,0.353208
5043.678082,0.353359
5046.756778,0.353467
5049.835474,0.353585
5052.914171,0.353751
5055.992867,0.353930
5059.071564,0.354062
5062.150260,0.354140
5065.228956,0.354198
5068.307653,0.354259
5071.386349,0.354343
5074.465046,0.354471
5077.543742,0.354619
5080.622439,0.354736
5083.701135,0.354800
5086.779831,0.354816
5089.858528,0.354786
5092.937224,0.354754
5096.015921,0.354807
5099.094617,0.354981
5102.173313,0.355208
5105.252010,0.355398
5108.330706,0.355506
5111.409403,0.355515
5114.488099,0.355460
5117.566795,0.355485
5120.645492,0.355726
5123.724188,0.356097
5126.802885,0.356338
5129.881581,0.356342
5132.960277,0.356212
5136.038974,0.356016
5139.117670,0.355782
5142.196367,0.355674
5145.275063,0.355750
5148.353759,0.355636
5151.432456,0.354938
5154.511152,0.353852
5157.589849,0.352973
5160.668545,0.352655
5163.747241,0.352838
5166.825938,0.353271
5169.904634,0.353712
5172.983331,0.353957
5176.062027,0.353727
5179.140724,0.352753
5182.219420,0.351340
5185.298116,0.350529
5188.376813,0.350917
5191.455509,0.351718
5194.534206,0.351813
5197.612902,0.350599
5200.691598,0.347351
5203.770295,0.342462
5206.848991,0.339393
5209.927688,0.341401
5213.006384,0.346537
5216.085080,0.349681
5219.163777,0.348517
5222.242473,0.344943
5225.321170,0.342285
5228.399866,0.342617
5231.478562,0.345598
5234.557259,0.348935
5237.635955,0.349719
5240.714652,0.346255
5243.793348,0.340181
5246.872044,0.335773
5249.950741,0.335613
5253.029437,0.338131
5256.108134,0.339888
5259.186830,0.339076
5262.265526,0.337255
5265.344223,0.338017
5268.422919,0.342903
5271.501616,0.349295
5274.580312,0.353352
5277.659009,0.353727
5280.737705,0.351643
5283.816401,0.348852
5286.895098,0.346822
5289.973794,0.346903
5293.052491,0.349366
5296.131187,0.352391
5299.209883,0.353521
5302.288580,0.352200
5305.367276,0.350244
5308.445973,0.349866
5311.524669,0.351456
5314.603365,0.353529
5317.682062,0.354332
5320.760758,0.352695
5323.839455,0.348549
5326.918151,0.343508
5329.996847,0.339079
5333.075544,0.334536
5336.154240,0.328873
5339.232937,0.323570
5342.311633,0.321214
5345.390329,0.322443
5348.469026,0.325739
5351.547722,0.329954
5354.626419,0.335516
5357.705115,0.342135
5360.783811,0.347579
5363.862508,0.350375
5366.941204,0.350714
5370.019901,0.348277
5373.098597,0.343389
5376.177294,0.339232
5379.255990,0.338440
5382.334686,0.339653
5385.413383,0.340158
5388.492079,0.339055
5391.570776,0.337292
5394.649472,0.337152
5397.728168,0.340205
5400.806865,0.344131
5403.885561,0.343937
5406.964258,0.337630
5410.042954,0.329594
5413.121650,0.327184
5416.200347,0.333027
5419.279043,0.341494
5422.357740,0.344574
5425.436436,0.340291
5428.515132,0.333536
5431.593829,0.329695
5434.672525,0.329453
5437.751222,0.329832
5440.829918,0.328895
5443.908614,0.328187
5446.987311,0.330446
5450.066007,0.335669
5453.144704,0.340462
5456.223400,0.341728
5459.302096,0.340088
5462.380793,0.338667
5465.459489,0.339076
5468.538186,0.339924
5471.616882,0.339689
5474.695578,0.339600
5477.774275,0.341737
5480.852971,0.344996
5483.931668,0.345751
5487.010364,0.342749
5490.089061,0.339027
5493.167757,0.338360
5496.246453,0.341182
5499.325150,0.344661
5502.403846,0.346240
5505.482543,0.346145
5508.561239,0.346121
5511.639935,0.346801
5514.718632,0.347434
5517.797328,0.347584
5520.876025,0.347777
5523.954721,0.348448
5527.033417,0.349186
5530.112114,0.349322
5533.190810,0.348859
5536.269507,0.348467
5539.348203,0.348590
5542.426899,0.348893
5545.505596,0.348824
5548.584292,0.348402
5551.662989,0.348140
5554.741685,0.348377
5557.820381,0.348921
5560.899078,0.349320
5563.977774,0.349362
5567.056471,0.349182
5570.135167,0.348989
5573.213863,0.348851
5576.292560,0.348754
5579.371256,0.348689
5582.449953,0.348636
5585.528649,0.348554
5588.607346,0.348396
5591.686042,0.348143
5594.764738,0.347817
5597.843435,0.347480
5600.922131,0.347207
5604.000828,0.347039
5607.079524,0.346927
5610.158220,0.346774
5613.236917,0.346554
5616.315613,0.346312
5619.394310,0.346083
5622.473006,0.345869
5625.551702,0.345666
5628.630399,0.345463
5631.709095,0.345244
5634.787792,0.345003
5637.866488,0.344758
5640.945184,0.344528
5644.023881,0.344322
5647.102577,0.344139
5650.181274,0.343976
5653.259970,0.343827
5656.338666,0.343669
5659.417363,0.343487
5662.496059,0.343301
5665.574756,0.343135
5668.653452,0.342974
5671.732148,0.342786
5674.810845,0.342569
5677.889541,0.342341
5680.968238,0.342105
5684.046934,0.341846
5687.125631,0.341558
5690.204327,0.341247
5693.283023,0.340926
5696.361720,0.340597
5699.440416,0.340262
5702.519113,0.339932
5705.597809,0.339624
5708.676505,0.339353
5711.755202,0.339122
5714.833898,0.338910
5717.912595,0.338677
5720.991291,0.338398
5724.069987,0.338091
5727.148684,0.337793
5730.227380,0.337516
5733.306077,0.337251
5736.384773,0.336987
5739.463469,0.336714
5742.542166,0.336434
5745.620862,0.336155
5748.699559,0.335876
5751.778255,0.335580
5754.856951,0.335258
5757.935648,0.334928
5761.014344,0.334614
5764.093041,0.334327
5767.171737,0.334059
5770.250433,0.333805
5773.329130,0.333559
5776.407826,0.333307
5779.486523,0.333037
5782.565219,0.332755
5785.643916,0.332485
5788.722612,0.332233
5791.801308,0.331974
5794.880005,0.331680
5797.958701,0.331343
5801.037398,0.330964
5804.116094,0.330548
5807.194790,0.330110
5810.273487,0.329693
5813.352183,0.329332
5816.430880,0.329029
5819.509576,0.328754
5822.588272,0.328476
5825.666969,0.328191
5828.745665,0.327918
5831.824362,0.327660
5834.903058,0.327403
5837.981754,0.327130
5841.060451,0.326842
5844.139147,0.326542
5847.217844,0.326237
5850.296540,0.325938
5853.375236,0.325645
5856.453933,0.325348
5859.532629,0.325032
5862.611326,0.324692
5865.690022,0.324331
5868.768718,0.323949
5871.847415,0.323540
5874.926111,0.323105
5878.004808,0.322666
5881.083504,0.322250
5884.162201,0.321873
5887.240897,0.321532
5890.319593,0.321204
5893.398290,0.320867
5896.476986,0.320519
5899.555683,0.320172
5902.634379,0.319843
5905.713075,0.319542
5908.791772,0.319264
5911.870468,0.318998
5914.949165,0.318731
5918.027861,0.318462
5921.106557,0.318193
5924.185254,0.317909
5927.263950,0.317594
5930.342647,0.317248
5933.421343,0.316882
5936.500039,0.316505
5939.578736,0.316128
5942.657432,0.315771
5945.736129,0.315443
5948.814825,0.315124
5951.893521,0.314784
5954.972218,0.314411
5958.050914,0.314015
5961.129611,0.313622
5964.208307,0.313254
5967.287003,0.312913
5970.365700,0.312583
5973.444396,0.312250
5976.523093,0.311917
5979.601789,0.311600
5982.680485,0.311305
5985.759182,0.311030
5988.837878,0.310759
5991.916575,0.310471
5994.995271,0.310154
5998.073968,0.309816
6001.152664,0.309472
6004.231360,0.309132
6007.310057,0.308800
6010.388753,0.308471
6013.467450,0.308133
6016.546146,0.307774
6019.624842,0.307389
6022.703539,0.306986
6025.782235,0.306576
6028.860932,0.306167
6031.939628,0.305763
6035.018324,0.305370
6038.097021,0.304988
6041.175717,0.304612
6044.254414,0.304233
6047.333110,0.303853
6050.411806,0.303479
6053.490503,0.303119
6056.569199,0.302777
6059.647896,0.302457
6062.726592,0.302154
6065.805288,0.301849
6068.883985,0.301525
6071.962681,0.301172
6075.041378,0.300794
6078.120074,0.300399
6081.198770,0.300003
6084.277467,0.299619
6087.356163,0.299251
6090.434860,0.298891
6093.513556,0.298526
6096.592253,0.298150
6099.670949,0.297760
6102.749645,0.297360
6105.828342,0.296963
6108.907038,0.296581
6111.985735,0.296216
6115.064431,0.295864
6118.143127,0.295510
6121.221824,0.295139
6124.300520,0.294751
6127.379217,0.294360
6130.457913,0.293984
6133.536609,0.293630
6136.615306,0.293299
6139.694002,0.292979
6142.772699,0.292649
6145.851395,0.292289
6148.930091,0.291901
6152.008788,0.291502
6155.087484,0.291100
6158.166181,0.290692
6161.244877,0.290278
6164.323573,0.289866
6167.402270,0.289469
6170.480966,0.289083
6173.559663,0.288696
6176.638359,0.288293
6179.717055,0.287877
6182.795752,0.287466
6185.874448,0.287071
6188.953145,0.286682
6192.031841,0.286285
6195.110538,0.285887
6198.189234,0.285510
6201.267930,0.285153
6204.346627,0.284795
6207.425323,0.284420
6210.504020,0.284033
6213.582716,0.283647
6216.661412,0.283272
6219.740109,0.282912
6222.818805,0.282564
6225.897502,0.282215
6228.976198,0.281859
6232.054894,0.281497
6235.133591,0.281135
6238.212287,0.280775
6241.290984,0.280408
6244.369680,0.280025
6247.448376,0.279625
6250.527073,0.279221
6253.605769,0.278827
6256.684466,0.278453
6259.763162,0.278092
6262.841858,0.277720
6265.920555,0.277315
6268.999251,0.276878
6272.077948,0.276438
6275.156644,0.276018
6278.235340,0.275615
6281.314037,0.275213
6284.392733,0.274812
6287.471430,0.274427
6290.550126,0.274067
6293.628823,0.273729
6296.707519,0.273398
6299.786215,0.273057
6302.864912,0.272689
6305.943608,0.272290
6309.022305,0.271874
6312.101001,0.271451
6315.179697,0.271023
6318.258394,0.270588
6321.337090,0.270154
6324.415787,0.269723
6327.494483,0.269295
6330.573179,0.268871
6333.651876,0.268470
6336.730572,0.268109
6339.809269,0.267785
6342.887965,0.267472
6345.966661,0.267148
6349.045358,0.266809
6352.124054,0.266459
6355.202751,0.266107
6358.281447,0.265763
6361.360143,0.265430
6364.438840,0.265104
6367.517536,0.264771
6370.596233,0.264419
6373.674929,0.264048
6376.753625,0.263662
6379.832322,0.263266
6382.911018,0.262871
6385.989715,0.262485
6389.068411,0.262102
6392.147108,0.261707
6395.225804,0.261300
6398.304500,0.260895
6401.383197,0.260494
6404.461893,0.260084
6407.540590,0.259660
6410.619286,0.259236
6413.697982,0.258827
6416.776679,0.258437
6419.855375,0.258065
6422.934072,0.257702
6426.012768,0.257334
6429.091464,0.256953
6432.170161,0.256564
6435.248857,0.256174
6438.327554,0.255785
6441.406250,0.255393
6444.484946,0.254999
6447.563643,0.254608
6450.642339,0.254217
6453.721036,0.253820
6456.799732,0.253420
6459.878428,0.253024
6462.957125,0.252634
6466.035821,0.252243
6469.114518,0.251845
6472.193214,0.251440
6475.271910,0.251040
6478.350607,0.250652
6481.429303,0.250266
6484.508000,0.249873
6487.586696,0.249478
6490.665392,0.249099
6493.744089,0.248746
6496.822785,0.248415
6499.901482,0.248097
6502.980178,0.247784
6506.058875,0.247468
6509.137571,0.247144
6512.216267,0.246807
6515.294964,0.246448
6518.373660,0.246057
6521.452357,0.245634
6524.531053,0.245188
6527.609749,0.244730
6530.688446,0.244272
6533.767142,0.243829
6536.845839,0.243405
6539.924535,0.242994
6543.003231,0.242593
6546.081928,0.242206
6549.160624,0.241839
6552.239321,0.241496
6555.318017,0.241172
6558.396713,0.240850
6561.475410,0.240509
6564.554106,0.240144
6567.632803,0.239772
6570.711499,0.239406
6573.790195,0.239041
6576.868892,0.238669
6579.947588,0.238285
6583.026285,0.237898
6586.104981,0.237518
6589.183677,0.237143
6592.262374,0.236767
6595.341070,0.236382
6598.419767,0.235988
6601.498463,0.235589
6604.577160,0.235192
6607.655856,0.234804
6610.734552,0.234422
6613.813249,0.234039
6616.891945,0.233646
6619.970642,0.233249
6623.049338,0.232858
6626.128034,0.232479
6629.206731,0.232102
6632.285427,0.231716
6635.364124,0.231315
6638.442820,0.230901
6641.521516,0.230485
6644.600213,0.230077
6647.678909,0.229690
6650.757606,0.229329
6653.836302,0.228987
6656.914998,0.228652
6659.993695,0.228320
6663.072391,0.227991
6666.151088,0.227657
6669.229784,0.227311
6672.308480,0.226947
6675.387177,0.226571
6678.465873,0.226183
6681.544570,0.225786
6684.623266,0.225390
6687.701962,0.225005
6690.780659,0.224635
6693.859355,0.224275
6696.938052,0.223918
6700.016748,0.223553
6703.095445,0.223178
6706.174141,0.222798
6709.252837,0.222413
6712.331534,0.222018
6715.410230,0.221613
6718.488927,0.221199
6721.567623,0.220781
6724.646319,0.220373
6727.725016,0.219998
6730.803712,0.219660
6733.882409,0.219340
6736.961105,0.219012
6740.039801,0.218643
6743.118498,0.218200
6746.197194,0.217687
6749.275891,0.217167
6752.354587,0.216713
6755.433283,0.216353
6758.511980,0.216049
6761.590676,0.215719
6764.669373,0.215324
6767.748069,0.214926
6770.826765,0.214594
6773.905462,0.214321
6776.984158,0.214045
6780.062855,0.213711
6783.141551,0.213276
6786.220247,0.212740
6789.298944,0.212167
6792.377640,0.211625
6795.456337,0.211132
6798.535033,0.210694
6801.613730,0.210356
6804.692426,0.210150
6807.771122,0.210000
6810.849819,0.209768
6813.928515,0.209400
6817.007212,0.208966
6820.085908,0.208555
6823.164604,0.208205
6826.243301,0.207896
6829.321997,0.207579
6832.400694,0.207240
6835.479390,0.206920
6838.558086,0.206629
6841.636783,0.206299
6844.715479,0.205901
6847.794176,0.205511
6850.872872,0.205195
6853.951568,0.204911
6857.030265,0.204578
6860.108961,0.204184
6863.187658,0.203750
6866.266354,0.203277
6869.345050,0.202797
6872.423747,0.202396
6875.502443,0.202092
6878.581140,0.201783
6881.659836,0.201364
6884.738532,0.200815
6887.817229,0.200167
6890.895925,0.199523
6893.974622,0.199077
6897.053318,0.198929
6900.132015,0.198922
6903.210711,0.198804
6906.289407,0.198453
6909.368104,0.197845
6912.446800,0.197023
6915.525497,0.196223
6918.604193,0.195785
6921.682889,0.195735
6924.761586,0.195721
6927.840282,0.195448
6930.918979,0.194958
6933.997675,0.194442
6937.076371,0.194021
6940.155068,0.193695
6943.233764,0.193379
6946.312461,0.192993
6949.391157,0.192506
6952.469853,0.191961
6955.548550,0.191499
6958.627246,0.191236
6961.705943,0.191090
6964.784639,0.190838
6967.863335,0.190391
6970.942032,0.189890
6974.020728,0.189463
6977.099425,0.189037
6980.178121,0.188516
6983.256817,0.188019
6986.335514,0.187731
6989.414210,0.187607
6992.492907,0.187408
6995.571603,0.186992
6998.650299,0.186440
7001.728996,0.185948
7004.807692,0.185628
7007.886389,0.185412
7010.965085,0.185146
7014.043782,0.184746
7017.122478,0.184203
7020.201174,0.183567
7023.279871,0.183007
7026.358567,0.182720
7029.437264,0.182663
7032.515960,0.182552
7035.594656,0.182157
7038.673353,0.181445
7041.752049,0.180545
7044.830746,0.179736
7047.909442,0.179308
7050.988138,0.179285
7054.066835,0.179420
7057.145531,0.179446
7060.224228,0.179144
7063.302924,0.178306
7066.381620,0.177025
7069.460317,0.175912
7072.539013,0.175586
7075.617710,0.175941
7078.696406,0.176333
7081.775102,0.176371
7084.853799,0.176017
7087.932495,0.175127
7091.011192,0.173675
7094.089888,0.172317
7097.168584,0.171778
7100.247281,0.171782
7103.325977,0.171580
7106.404674,0.171174
7109.483370,0.170798
7112.562067,0.169988
7115.640763,0.168639
7118.719459,0.167930
7121.798156,0.168780
7124.876852,0.170383
7127.955549,0.171193
7131.034245,0.170416
7134.112941,0.168264
7137.191638,0.165740
7140.270334,0.164234
7143.349031,0.164573
7146.427727,0.166335
7149.506423,0.168200
7152.585120,0.168809
7155.663816,0.167542
7158.742513,0.164968
7161.821209,0.162485
7164.899905,0.161320
7167.978602,0.161867
7171.057298,0.163496
7174.135995,0.164679
7177.214691,0.164217
7180.293387,0.162847
7183.372084,0.162510
7186.450780,0.163767
7189.529477,0.165286
7192.608173,0.165830
7195.686869,0.165247
7198.765566,0.163794
7201.844262,0.162061
7204.922959,0.161158
7208.001655,0.161559
7211.080352,0.162244
7214.159048,0.161987
7217.237744,0.160884
7220.316441,0.159757
7223.395137,0.158566
7226.473834,0.156537
7229.552530,0.154009
7232.631226,0.152620
7235.709923,0.152812
7238.788619,0.153173
7241.867316,0.153220
7244.946012,0.154195
7248.024708,0.156349
7251.103405,0.158277
7254.182101,0.159184
7257.260798,0.159462
7260.339494,0.159493
7263.418190,0.159435
7266.496887,0.159456
7269.575583,0.159516
7272.654280,0.159485
7275.732976,0.159412
7278.811672,0.159250
7281.890369,0.158703
7284.969065,0.157546
7288.047762,0.155881
7291.126458,0.154169
7294.205154,0.153086
7297.283851,0.152933
7300.362547,0.153048
7303.441244,0.152407
7306.519940,0.151053
7309.598637,0.150251
7312.677333,0.150917
7315.756029,0.152343
7318.834726,0.152814
7321.913422,0.151401
7324.992119,0.149182
7328.070815,0.148257
7331.149511,0.149070
7334.228208,0.149522
7337.306904,0.147786
7340.385601,0.145011
7343.464297,0.143790
7346.542993,0.144863
7349.621690,0.146732
7352.700386,0.147947
7355.779083,0.148452
7358.857779,0.148810
7361.936475,0.149123
7365.015172,0.149157
7368.093868,0.148888
7371.172565,0.148396
7374.251261,0.147702
7377.329957,0.147082
7380.408654,0.147047
7383.487350,0.147707
7386.566047,0.148551
7389.644743,0.149035
7392.723439,0.149137
7395.802136,0.149158
7398.880832,0.149228
7401.959529,0.149266
7405.038225,0.149249
7408.116922,0.149215
7411.195618,0.149075
7414.274314,0.148732
7417.353011,0.148323
7420.431707,0.148103
7423.510404,0.148113
7426.589100,0.148172
7429.667796,0.148120
7432.746493,0.147937
7435.825189,0.147681
7438.903886,0.147425
7441.982582,0.147212
7445.061278,0.147021
7448.139975,0.146806
7451.218671,0.146556
7454.297368,0.146294
7457.376064,0.146032
7460.454760,0.145773
7463.533457,0.145522
7466.612153,0.145274
7469.690850,0.145010
7472.769546,0.144722
7475.848242,0.144429
7478.926939,0.144146
7482.005635,0.143870
7485.084332,0.143599
7488.163028,0.143344
7491.241724,0.143103
7494.320421,0.142862
7497.399117,0.142613
7500.477814,0.142354
7503.556510,0.142085
7506.635206,0.141814
7509.713903,0.141560
7512.792599,0.141332
7515.871296,0.141116
7518.949992,0.140887
7522.028689,0.140635
7525.107385,0.140367
7528.186081,0.140097
7531.264778,0.139833
7534.343474,0.139575
7537.422171,0.139321
7540.500867,0.139072
7543.579563,0.138824
7546.658260,0.138573
7549.736956,0.138308
7552.815653,0.138021
7555.894349,0.137715
7558.973045,0.137414
7562.051742,0.137146
7565.130438,0.136913
7568.209135,0.136689
7571.287831,0.136450
7574.366527,0.136194
7577.445224,0.135937
7580.523920,0.135689
7583.602617,0.135453
7586.681313,0.135219
7589.760009,0.134979
7592.838706,0.134732
7595.917402,0.134477
7598.996099,0.134218
7602.074795,0.133954
7605.153491,0.133691
7608.232188,0.133434
7611.310884,0.133187
7614.389581,0.132947
7617.468277,0.132711
7620.546974,0.132483
7623.625670,0.132263
7626.704366,0.132040
7629.783063,0.131799
7632.861759,0.131534
7635.940456,0.131248
7639.019152,0.130955
7642.097848,0.130682
7645.176545,0.130441
7648.255241,0.130213
7651.333938,0.129973
7654.412634,0.129718
7657.491330,0.129460
7660.570027,0.129208
7663.648723,0.128962
7666.727420,0.128723
7669.806116,0.128496
7672.884812,0.128283
7675.963509,0.128074
7679.042205,0.127847
7682.120902,0.127594
7685.199598,0.127332
7688.278294,0.127080
7691.356991,0.126835
7694.435687,0.126586
7697.514384,0.126335
7700.593080,0.126090
7703.671776,0.125850
7706.750473,0.125610
7709.829169,0.125376
7712.907866,0.125150
7715.986562,0.124921
7719.065259,0.124680
7722.143955,0.124429
7725.222651,0.124180
7728.301348,0.123939
7731.380044,0.123701
7734.458741,0.123461
7737.537437,0.123221
7740.616133,0.122989
7743.694830,0.122768
7746.773526,0.122548
7749.852223,0.122321
7752.930919,0.122083
7756.009615,0.121838
7759.088312,0.121585
7762.167008,0.121326
7765.245705,0.121066
7768.324401,0.120816
7771.403097,0.120576
7774.481794,0.120338
7777.560490,0.120105
7780.639187,0.119883
7783.717883,0.119674
7786.796579,0.119472
7789.875276,0.119271
7792.953972,0.119067
7796.032669,0.118856
7799.111365,0.118636
7802.190061,0.118399
7805.268758,0.118150
7808.347454,0.117906
7811.426151,0.117681
7814.504847,0.117462
7817.583544,0.117229
7820.662240,0.116984
7823.740936,0.116740
7826.819633,0.116506
7829.898329,0.116280
7832.977026,0.116057
7836.055722,0.115834
7839.134418,0.115605
7842.213115,0.115370
7845.291811,0.115131
7848.370508,0.114897
7851.449204,0.114679
7854.527900,0.114470
7857.606597,0.114253
7860.685293,0.114016
7863.763990,0.113767
7866.842686,0.113522
7869.921382,0.113295
7873.000079,0.113092
7876.078775,0.112906
7879.157472,0.112717
7882.236168,0.112509
7885.314864,0.112282
7888.393561,0.112048
7891.472257,0.111815
7894.550954,0.111584
7897.629650,0.111351
7900.708346,0.111123
7903.787043,0.110905
7906.865739,0.110693
7909.944436,0.110480
7913.023132,0.110268
7916.101828,0.110058
7919.180525,0.109848
7922.259221,0.109631
7925.337918,0.109405
7928.416614,0.109178
7931.495311,0.108958
7934.574007,0.108747
7937.652703,0.108542
7940.731400,0.108338
7943.810096,0.108135
7946.888793,0.107924
7949.967489,0.107702
7953.046185,0.107472
7956.124882,0.107248
7959.203578,0.107035
7962.282275,0.106838
7965.360971,0.106652
7968.439667,0.106466
7971.518364,0.106266
7974.597060,0.106048
7977.675757,0.105821
7980.754453,0.105601
7983.833149,0.105398
7986.911846,0.105200
7989.990542,0.104994
7993.069239,0.104780
7996.147935,0.104569
7999.226631,0.104366
8002.305328,0.104164
8005.384024,0.103958
8008.462721,0.103752
8011.541417,0.103553
8014.620113,0.103364
8017.698810,0.103179
8020.777506,0.102990
8023.856203,0.102791
8026.934899,0.102582
8030.013596,0.102373
8033.092292,0.102170
8036.170988,0.101970
8039.249685,0.101770
8042.328381,0.101572
8045.407078,0.101379
8048.485774,0.101186
8051.564470,0.100987
8054.643167,0.100788
8057.721863,0.100595
8060.800560,0.100405
8063.879256,0.100214
8066.957952,0.100021
8070.036649,0.099831
8073.115345,0.099643
8076.194042,0.099450
8079.272738,0.099251
8082.351434,0.099051
8085.430131,0.098851
8088.508827,0.098648
8091.587524,0.098443
8094.666220,0.098245
8097.744916,0.098060
8100.823613,0.097886
8103.902309,0.097708
8106.981006,0.097516
8110.059702,0.097312
8113.138398,0.097109
8116.217095,0.096918
8119.295791,0.096733
8122.374488,0.096545
8125.453184,0.096353
8128.531881,0.096162
8131.610577,0.095974
8134.689273,0.095784
8137.767970,0.095599
8140.846666,0.095425
8143.925363,0.095255
8147.004059,0.095077
8150.082755,0.094895
8153.161452,0.094718
8156.240148,0.094546
8159.318845,0.094365
8162.397541,0.094169
8165.476237,0.093966
8168.554934,0.093769
8171.633630,0.093586
8174.712327,0.093412
8177.791023,0.093233
8180.869719,0.093044
8183.948416,0.092848
8187.027112,0.092651
8190.105809,0.092455
8193.184505,0.092265
8196.263201,0.092087
8199.341898,0.091915
8202.420594,0.091738
8205.499291,0.091551
8208.577987,0.091356
8211.656683,0.091163
8214.735380,0.090977
8217.814076,0.090793
8220.892773,0.090607
8223.971469,0.090423
8227.050166,0.090246
8230.128862,0.090077
8233.207558,0.089907
8236.286255,0.089728
8239.364951,0.089545
8242.443648,0.089363
8245.522344,0.089184
8248.601040,0.089004
8251.679737,0.088827
8254.758433,0.088655
8257.837130,0.088485
8260.915826,0.088310
8263.994522,0.088128
8267.073219,0.087944
8270.151915,0.087766
8273.230612,0.087598
8276.309308,0.087438
8279.388004,0.087281
8282.466701,0.087114
8285.545397,0.086936
8288.624094,0.086755
8291.702790,0.086579
8294.781486,0.086407
8297.860183,0.086234
8300.938879,0.086064
8304.017576,0.085900
8307.096272,0.085737
8310.174968,0.085571
8313.253665,0.085401
8316.332361,0.085229
8319.411058,0.085058
8322.489754,0.084889
8325.568451,0.084727
8328.647147,0.084566
8331.725843,0.084400
8334.804540,0.084223
8337.883236,0.084042
8340.961933,0.083872
8344.040629,0.083716
8347.119325,0.083559
8350.198022,0.083389
8353.276718,0.083215
8356.355415,0.083053
8359.434111,0.082902
8362.512807,0.082749
8365.591504,0.082591
8368.670200,0.082435
8371.748897,0.082283
8374.827593,0.082132
8377.906289,0.081977
8380.984986,0.081817
8384.063682,0.081650
8387.142379,0.081475
8390.221075,0.081299
8393.299771,0.081131
8396.378468,0.080971
8399.457164,0.080811
8402.535861,0.080647
8405.614557,0.080478
8408.693253,0.080309
8411.771950,0.080148
8414.850646,0.079996
8417.929343,0.079848
8421.008039,0.079697
8424.086735,0.079545
8427.165432,0.079393
8430.244128,0.079238
8433.322825,0.079077
8436.401521,0.078911
8439.480218,0.078743
8442.558914,0.078576
8445.637610,0.078416
8448.716307,0.078263
8451.795003,0.078115
8454.873700,0.077966
8457.952396,0.077812
8461.031092,0.077658
8464.109789,0.077512
8467.188485,0.077369
8470.267182,0.077226
8473.345878,0.077081
8476.424574,0.076937
8479.503271,0.076790
8482.581967,0.076636
8485.660664,0.076476
8488.739360,0.076315
8491.818056,0.076159
8494.896753,0.076007
8497.975449,0.075857
8501.054146,0.075705
8504.132842,0.075550
8507.211538,0.075396
8510.290235,0.075247
8513.368931,0.075101
8516.447628,0.074953
8519.526324,0.074803
8522.605020,0.074651
8525.683717,0.074496
8528.762413,0.074346
8531.841110,0.074210
8534.919806,0.074081
8537.998503,0.073943
8541.077199,0.073794
8544.155895,0.073644
8547.234592,0.073505
8550.313288,0.073374
8553.391985,0.073238
8556.470681,0.073091
8559.549377,0.072938
8562.628074,0.072789
8565.706770,0.072649
8568.785467,0.072513
8571.864163,0.072375
8574.942859,0.072233
8578.021556,0.072092
8581.100252,0.071958
8584.178949,0.071830
8587.257645,0.071702
8590.336341,0.071569
8593.415038,0.071425
8596.493734,0.071268
8599.572431,0.071103
8602.651127,0.070941
8605.729823,0.070788
8608.808520,0.070648
8611.887216,0.070512
8614.965913,0.070370
8618.044609,0.070218
8621.123305,0.070067
8624.202002,0.069931
8627.280698,0.069803
8630.359395,0.069664
8633.438091,0.069508
8636.516788,0.069350
8639.595484,0.069210
8642.674180,0.069082
8645.752877,0.068942
8648.831573,0.068785
8651.910270,0.068637
8654.988966,0.068516
8658.067662,0.068405
8661.146359,0.068281
8664.225055,0.068144
8667.303752,0.068002
8670.382448,0.067839
8673.461144,0.067650
8676.539841,0.067469
8679.618537,0.067335
8682.697234,0.067244
8685.775930,0.067158
8688.854626,0.067042
8691.933323,0.066889
8695.012019,0.066724
8698.090716,0.066585
8701.169412,0.066490
8704.248108,0.066414
8707.326805,0.066316
8710.405501,0.066165
8713.484198,0.065968
8716.562894,0.065760
8719.641590,0.065589
8722.720287,0.065469
8725.798983,0.065375
8728.877680,0.065268
8731.956376,0.065134
8735.035073,0.064985
8738.113769,0.064852
8741.192465,0.064759
8744.271162,0.064696
8747.349858,0.064628
8750.428555,0.064531
8753.507251,0.064408
8756.585947,0.064269
8759.664644,0.064121
8762.743340,0.063974
8765.822037,0.063843
8768.900733,0.063734
8771.979429,0.063631
8775.058126,0.063515
8778.136822,0.063375
8781.215519,0.063224
8784.294215,0.063086
8787.372911,0.062972
8790.451608,0.062869
8793.530304,0.062750
8796.609001,0.062588
8799.687697,0.062390
8802.766393,0.062181
8805.845090,0.061955
8808.923786,0.061697
8812.002483,0.061466
8815.081179,0.061358
8818.159875,0.061375
8821.238572,0.061423
8824.317268,0.061428
8827.395965,0.061383
8830.474661,0.061303
8833.553358,0.061202
8836.632054,0.061092
8839.710750,0.060974
8842.789447,0.060838
8845.868143,0.060671
8848.946840,0.060486
8852.025536,0.060320
8855.104232,0.060196
8858.182929,0.060088
8861.261625,0.059958
8864.340322,0.059810
8867.419018,0.059686
8870.497714,0.059603
8873.576411,0.059526
8876.655107,0.059403
8879.733804,0.059218
8882.812500,0.059022
8885.891196,0.058889
8888.969893,0.058839
8892.048589,0.058802
8895.127286,0.058707
8898.205982,0.058562
8901.284678,0.058413
8904.363375,0.058261
8907.442071,0.058095
8910.520768,0.057944
8913.599464,0.057849
8916.678160,0.057798
8919.756857,0.057745
8922.835553,0.057663
8925.914250,0.057563
8928.992946,0.057460
8932.071642,0.057355
8935.150339,0.057242
8938.229035,0.057131
8941.307732,0.057033
8944.386428,0.056940
8947.465125,0.056839
8950.543821,0.056724
8953.622517,0.056607
8956.701214,0.056501
8959.779910,0.056409
8962.858607,0.056318
8965.937303,0.056227
8969.015999,0.056143
8972.094696,0.056066
8975.173392,0.055984
8978.252089,0.055886
8981.330785,0.055775
8984.409481,0.055657
8987.488178,0.055538
8990.566874,0.055419
8993.645571,0.055306
8996.724267,0.055198
8999.802963,0.055091
9002.881660,0.054980
9005.960356,0.054871
9009.039053,0.054768
9012.117749,0.054672
9015.196445,0.054576
9018.275142,0.054477
9021.353838,0.054373
9024.432535,0.054264
9027.511231,0.054155
9030.589927,0.054051
9033.668624,0.053948
9036.747320,0.053847
9039.826017,0.053748
9042.904713,0.053651
9045.983410,0.053550
9049.062106,0.053440
9052.140802,0.053323
9055.219499,0.053209
9058.298195,0.053104
9061.376892,0.053003
9064.455588,0.052900
9067.534284,0.052792
9070.612981,0.052683
9073.691677,0.052577
9076.770374,0.052473
9079.849070,0.052368
9082.927766,0.052259
9086.006463,0.052148
9089.085159,0.052035
9092.163856,0.051926
9095.242552,0.051824
9098.321248,0.051732
9101.399945,0.051641
9104.478641,0.051543
9107.557338,0.051438
9110.636034,0.051333
9113.714730,0.051231
9116.793427,0.051126
9119.872123,0.051015
9122.950820,0.050899
9126.029516,0.050782
9129.108212,0.050665
9132.186909,0.050552
9135.265605,0.050450
9138.344302,0.050360
9141.422998,0.050275
9144.501695,0.050187
9147.580391,0.050095
9150.659087,0.049997
9153.737784,0.049895
9156.816480,0.049793
9159.895177,0.049694
9162.973873,0.049601
9166.052569,0.049506
9169.131266,0.049400
9172.209962,0.049284
9175.288659,0.049163
9178.367355,0.049047
9181.446051,0.048944
9184.524748,0.048853
9187.603444,0.048766
9190.682141,0.048677
9193.760837,0.048587
9196.839533,0.048494
9199.918230,0.048400
9202.996926,0.048306
9206.075623,0.048217
9209.154319,0.048127
9212.233015,0.048032
9215.311712,0.047936
9218.390408,0.047844
9221.469105,0.047753
9224.547801,0.047653
9227.626497,0.047545
9230.705194,0.047440
9233.783890,0.047344
9236.862587,0.047247
9239.941283,0.047143
9243.019980,0.047040
9246.098676,0.046946
9249.177372,0.046859
9252.256069,0.046769
9255.334765,0.046676
9258.413462,0.046586
9261.492158,0.046503
9264.570854,0.046425
9267.649551,0.046350
9270.728247,0.046269
9273.806944,0.046177
9276.885640,0.046071
9279.964336,0.045963
9283.043033,0.045863
9286.121729,0.045771
9289.200426,0.045685
9292.279122,0.045602
9295.357818,0.045519
9298.436515,0.045428
9301.515211,0.045332
9304.593908,0.045238
9307.672604,0.045152
9310.751300,0.045075
9313.829997,0.045001
9316.908693,0.044924
9319.987390,0.044842
9323.066086,0.044757
9326.144782,0.044671
9329.223479,0.044583
9332.302175,0.044490
9335.380872,0.044397
9338.459568,0.044306
9341.538265,0.044219
9344.616961,0.044130
9347.695657,0.044035
9350.774354,0.043937
9353.853050,0.043841
9356.931747,0.043753
9360.010443,0.043673
9363.089139,0.043595
9366.167836,0.043511
9369.246532,0.043417
9372.325229,0.043325
9375.403925,0.043247
9378.482621,0.043176
9381.561318,0.043101
9384.640014,0.043018
9387.718711,0.042929
9390.797407,0.042834
9393.876103,0.042733
9396.954800,0.042632
9400.033496,0.042539
9403.112193,0.042452
9406.190889,0.042366
9409.269585,0.042281
9412.348282,0.042196
9415.426978,0.042114
9418.505675,0.042036
9421.584371,0.041962
9424.663067,0.041890
9427.741764,0.041816
9430.820460,0.041738
9433.899157,0.041655
9436.977853,0.041566
9440.056549,0.041474
9443.135246,0.041385
9446.213942,0.041300
9449.292639,0.041213
9452.371335,0.041119
9455.450032,0.041031
9458.528728,0.040957
9461.607424,0.040888
9464.686121,0.040812
9467.764817,0.040736
9470.843514,0.040670
9473.922210,0.040614
9477.000906,0.040551
9480.079603,0.040474
9483.158299,0.040386
9486.236996,0.040295
9489.315692,0.040208
9492.394388,0.040127
9495.473085,0.040045
9498.551781,0.039959
9501.630478,0.039872
9504.709174,0.039787
9507.787870,0.039707
9510.866567,0.039630
9513.945263,0.039552
9517.023960,0.039475
9520.102656,0.039397
9523.181352,0.039318
9526.260049,0.039243
9529.338745,0.039173
9532.417442,0.039104
9535.496138,0.039029
9538.574834,0.038942
9541.653531,0.038846
9544.732227,0.038751
9547.810924,0.038671
9550.889620,0.038610
9553.968317,0.038559
9557.047013,0.038502
9560.125709,0.038432
9563.204406,0.038346
9566.283102,0.038254
9569.361799,0.038172
9572.440495,0.038103
9575.519191,0.038038
9578.597888,0.037963
9581.676584,0.037878
9584.755281,0.037794
9587.833977,0.037724
9590.912673,0.037667
9593.991370,0.037611
9597.070066,0.037540
9600.148763,0.037450
9603.227459,0.037352
9606.306155,0.037262
9609.384852,0.037191
9612.463548,0.037137
9615.542245,0.037085
9618.620941,0.037024
9621.699637,0.036951
9624.778334,0.036871
9627.857030,0.036786
9630.935727,0.036702
9634.014423,0.036623
9637.093119,0.036552
9640.171816,0.036484
9643.250512,0.036413
9646.329209,0.036340
9649.407905,0.036270
9652.486602,0.036201
9655.565298,0.036130
9658.643994,0.036058
9661.722691,0.035984
9664.801387,0.035911
9667.880084,0.035837
9670.958780,0.035758
9674.037476,0.035674
9677.116173,0.035597
9680.194869,0.035535
9683.273566,0.035483
9686.352262,0.035425
9689.430958,0.035357
9692.509655,0.035289
9695.588351,0.035223
9698.667048,0.035155
9701.745744,0.035083
9704.824440,0.035008
9707.903137,0.034932
9710.981833,0.034858
9714.060530,0.034785
9717.139226,0.034712
9720.217922,0.034647
9723.296619,0.034595
9726.375315,0.034546
9729.454012,0.034487
9732.532708,0.034418
9735.611404,0.034348
9738.690101,0.034285
9741.768797,0.034226
9744.847494,0.034164
9747.926190,0.034096
9751.004887,0.034021
9754.083583,0.033939
9757.162279,0.033859
9760.240976,0.033790
9763.319672,0.033726
9766.398369,0.033658
9769.477065,0.033588
9772.555761,0.033527
9775.634458,0.033471
9778.713154,0.033416
9781.791851,0.033362
9784.870547,0.033312
9787.949243,0.033260
9791.027940,0.033198
9794.106636,0.033126
9797.185333,0.033052
9800.264029,0.032978
9803.342725,0.032904
9806.421422,0.032835
9809.500118,0.032770
9812.578815,0.032702
9815.657511,0.032628
9818.736207,0.032556
9821.814904,0.032494
9824.893600,0.032436
9827.972297,0.032376
9831.050993,0.032313
9834.129689,0.032251
9837.208386,0.032191
9840.287082,0.032137
9843.365779,0.032089
9846.444475,0.032039
9849.523172,0.031979
9852.601868,0.031906
9855.680564,0.031825
9858.759261,0.031744
9861.837957,0.031665
9864.916654,0.031589
9867.995350,0.031516
9871.074046,0.031450
9874.152743,0.031396
9877.231439,0.031348
9880.310136,0.031291
9883.388832,0.031220
9886.467528,0.031147
9889.546225,0.031082
9892.624921,0.031023
9895.703618,0.030962
9898.782314,0.030897
9901.861010,0.030838
9904.939707,0.030790
9908.018403,0.030745
9911.097100,0.030691
9914.175796,0.030628
9917.254492,0.030566
9920.333189,0.030514
9923.411885,0.030466
9926.490582,0.030412
9929.569278,0.030352
9932.647974,0.030293
9935.726671,0.030234
9938.805367,0.030170
9941.884064,0.030099
9944.962760,0.030029
9948.041456,0.029968
9951.120153,0.029917
9954.198849,0.029870
9957.277546,0.029821
9960.356242,0.029764
9963.434939,0.029698
9966.513635,0.029634
9969.592331,0.029578
9972.671028,0.029530
9975.749724,0.029480
9978.828421,0.029423
9981.907117,0.029365
9984.985813,0.029306
9988.064510,0.029244
9991.143206,0.029179
9994.221903,0.029112
9997.300599,0.029047
10000.379295,0.028987
10003.457992,0.028930
10006.536688,0.028872
10009.615385,0.028811
10012.694081,0.028749
10015.772777,0.028686
10018.851474,0.028622
10021.930170,0.028562
10025.008867,0.028514
10028.087563,0.028472
10031.166259,0.028426
10034.244956,0.028373
10037.323652,0.028319
10040.402349,0.028264
10043.481045,0.028206
10046.559741,0.028143
10049.638438,0.028078
10052.717134,0.028016
10055.795831,0.027961
10058.874527,0.027910
10061.953224,0.027857
10065.031920,0.027799
10068.110616,0.027740
10071.189313,0.027685
10074.268009,0.027634
10077.346706,0.027581
10080.425402,0.027523
10083.504098,0.027465
10086.582795,0.027416
10089.661491,0.027375
10092.740188,0.027329
10095.818884,0.027272
10098.897580,0.027209
10101.976277,0.027144
10105.054973,0.027079
10108.133670,0.027013
10111.212366,0.026947
10114.291062,0.026883
10117.369759,0.026824
10120.448455,0.026768
10123.527152,0.026722
10126.605848,0.026691
10129.684544,0.026673
10132.763241,0.026644
10135.841937,0.026587
10138.920634,0.026512
10141.999330,0.026442
10145.078026,0.026387
10148.156723,0.026342
10151.235419,0.026298
10154.314116,0.026243
10157.392812,0.026175
10160.471509,0.026105
10163.550205,0.026043
10166.628901,0.025991
10169.707598,0.025952
10172.786294,0.025924
10175.864991,0.025891
10178.943687,0.025841
10182.022383,0.025780
10185.101080,0.025722
10188.179776,0.025668
10191.258473,0.025609
10194.337169,0.025551
10197.415865,0.025503
10200.494562,0.025467
10203.573258,0.025428
10206.651955,0.025379
10209.730651,0.025325
10212.809347,0.025274
10215.888044,0.025225
10218.966740,0.025169
10222.045437,0.025108
10225.124133,0.025050
10228.202829,0.024999
10231.281526,0.024956
10234.360222,0.024924
10237.438919,0.024895
10240.517615,0.024851
10243.596311,0.024787
10246.675008,0.024715
10249.753704,0.024652
10252.832401,0.024605
10255.911097,0.024566
10258.989794,0.024526
10262.068490,0.024478
10265.147186,0.024421
10268.225883,0.024363
10271.304579,0.024306
10274.383276,0.024254
10277.461972,0.024213
10280.540668,0.024181
10283.619365,0.024150
10286.698061,0.024109
10289.776758,0.024057
10292.855454,0.024002
10295.934150,0.023952
10299.012847,0.023908
10302.091543,0.023865
10305.170240,0.023820
10308.248936,0.023776
10311.327632,0.023736
10314.406329,0.023700
10317.485025,0.023658
10320.563722,0.023608
10323.642418,0.023557
10326.721114,0.023508
10329.799811,0.023456
10332.878507,0.023400
10335.957204,0.023352
10339.035900,0.023316
10342.114596,0.023283
10345.193293,0.023240
10348.271989,0.023186
10351.350686,0.023129
10354.429382,0.023076
10357.508078,0.023029
10360.586775,0.022991
10363.665471,0.022964
10366.744168,0.022941
10369.822864,0.022906
10372.901561,0.022851
10375.980257,0.022788
10379.058953,0.022730
10382.137650,0.022676
10385.216346,0.022623
10388.295043,0.022579
10391.373739,0.022545
10394.452435,0.022509
10397.531132,0.022467
10400.609828,0.022425
10403.688525,0.022392
10406.767221,0.022379
10409.845917,0.022385
10412.924614,0.022384
10416.003310,0.022339
10419.082007,0.022246
10422.160703,0.022138
10425.239399,0.022048
10428.318096,0.021989
10431.396792,0.021949
10434.475489,0.021909
10437.554185,0.021858
10440.632881,0.021806
10443.711578,0.021778
10446.790274,0.021779
10449.868971,0.021786
10452.947667,0.021762
10456.026363,0.021701
10459.105060,0.021629
10462.183756,0.021568
10465.262453,0.021519
10468.341149,0.021469
10471.419846,0.021413
10474.498542,0.021356
10477.577238,0.021306
10480.655935,0.021271
10483.734631,0.021260
10486.813328,0.021264
10489.892024,0.021265
10492.970720,0.021246
10496.049417,0.021194
10499.128113,0.021116
10502.206810,0.021038
10505.285506,0.020993
10508.364202,0.020971
10511.442899,0.020932
10514.521595,0.020861
10517.600292,0.020790
10520.678988,0.020751
10523.757684,0.020740
10526.836381,0.020726
10529.915077,0.020687
10532.993774,0.020630
10536.072470,0.020572
10539.151166,0.020515
10542.229863,0.020454
10545.308559,0.020398
10548.387256,0.020355
10551.465952,0.020322
10554.544648,0.020292
10557.623345,0.020264
10560.702041,0.020231
10563.780738,0.020187
10566.859434,0.020133
10569.938131,0.020080
10573.016827,0.020039
10576.095523,0.020017
10579.174220,0.020003
10582.252916,0.019967
10585.331613,0.019896
10588.410309,0.019813
10591.489005,0.019753
10594.567702,0.019723
10597.646398,0.019697
10600.725095,0.019649
10603.803791,0.019587
10606.882487,0.019543
10609.961184,0.019529
10613.039880,0.019527
10616.118577,0.019503
10619.197273,0.019448
10622.275969,0.019384
10625.354666,0.019334
10628.433362,0.019307
10631.512059,0.019292
10634.590755,0.019271
10637.669451,0.019236
10640.748148,0.019189
10643.826844,0.019143
10646.905541,0.019117
10649.984237,0.019116
10653.062933,0.019121
10656.141630,0.019095
10659.220326,0.019033
10662.299023,0.018962
10665.377719,0.018907
10668.456416,0.018882
10671.535112,0.018888
10674.613808,0.018902
10677.692505,0.018876
10680.771201,0.018806
10683.849898,0.018744
10686.928594,0.018724
10690.007290,0.018715
10693.085987,0.018666
10696.164683,0.018581
10699.243380,0.018510
10702.322076,0.018486
10705.400772,0.018490
10708.479469,0.018471
10711.558165,0.018408
10714.636862,0.018324
10717.715558,0.018247
10720.794254,0.018195
10723.872951,0.018169
10726.951647,0.018150
10730.030344,0.018114
10733.109040,0.018059
10736.187736,0.018002
10739.266433,0.017961
10742.345129,0.017942
10745.423826,0.017945
10748.502522,0.017963
10751.581218,0.017974
10754.659915,0.017942
10757.738611,0.017865
10760.817308,0.017779
10763.896004,0.017724
10766.974701,0.017706
10770.053397,0.017702
10773.132093,0.017681
10776.210790,0.017635
10779.289486,0.017583
10782.368183,0.017554
10785.446879,0.017545
10788.525575,0.017528
10791.604272,0.017480
10794.682968,0.017406
10797.761665,0.017333
10800.840361,0.017281
10803.919057,0.017248
10806.997754,0.017224
10810.076450,0.017199
10813.155147,0.017184
10816.233843,0.017190
10819.312539,0.017211
10822.391236,0.017224
10825.469932,0.017207
10828.548629,0.017148
10831.627325,0.017053
10834.706021,0.016950
10837.784718,0.016867
10840.863414,0.016812
10843.942111,0.016781
10847.020807,0.016769
10850.099503,0.016776
10853.178200,0.016791
10856.256896,0.016794
10859.335593,0.016766
10862.414289,0.016715
10865.492985,0.016670
10868.571682,0.016634
10871.650378,0.016584
10874.729075,0.016523
10877.807771,0.016485
10880.886468,0.016481
10883.965164,0.016483
10887.043860,0.016472
10890.122557,0.016454
10893.201253,0.016430
10896.279950,0.016387
10899.358646,0.016315
10902.437342,0.016224
10905.516039,0.016143
10908.594735,0.016097
10911.673432,0.016084
10914.752128,0.016084
10917.830824,0.016080
10920.909521,0.016064
10923.988217,0.016031
10927.066914,0.015984
10930.145610,0.015938
10933.224306,0.015902
10936.303003,0.015865
10939.381699,0.015819
10942.460396,0.015776
10945.539092,0.015764
10948.617788,0.015774
10951.696485,0.015762
10954.775181,0.015699
10957.853878,0.015610
10960.932574,0.015535
10964.011270,0.015490
10967.089967,0.015466
10970.168663,0.015456
10973.247360,0.015454
10976.326056,0.015451
10979.404753,0.015440
10982.483449,0.015424
10985.562145,0.015396
10988.640842,0.015351
10991.719538,0.015297
10994.798235,0.015254
10997.876931,0.015222
11000.955627,0.015187
11004.034324,0.015147
11007.113020,0.015115
11010.191717,0.015096
11013.270413,0.015084
11016.349109,0.015062
11019.427806,0.015025
11022.506502,0.014984
11025.585199,0.014949
11028.663895,0.014919
11031.742591,0.014887
11034.821288,0.014854
11037.899984,0.014824
11040.978681,0.014799
11044.057377,0.014776
11047.136073,0.014751
11050.214770,0.014722
11053.293466,0.014688
11056.372163,0.014651
11059.450859,0.014614
11062.529555,0.014577
11065.608252,0.014541
11068.686948,0.014508
11071.765645,0.014481
11074.844341,0.014457
11077.923038,0.014435
11081.001734,0.014412
11084.080430,0.014383
11087.159127,0.014345
11090.237823,0.014304
11093.316520,0.014265
11096.395216,0.014231
11099.473912,0.014201
11102.552609,0.014173
11105.631305,0.014143
11108.710002,0.014113
11111.788698,0.014086
11114.867394,0.014063
11117.946091,0.014039
11121.024787,0.014014
11124.103484,0.013990
11127.182180,0.013962
11130.260876,0.013929
11133.339573,0.013893
11136.418269,0.013858
11139.496966,0.013829
11142.575662,0.013805
11145.654358,0.013781
11148.733055,0.013751
11151.811751,0.013718
11154.890448,0.013688
11157.969144,0.013670
11161.047840,0.013659
11164.126537,0.013641
11167.205233,0.013607
11170.283930,0.013565
11173.362626,0.013531
11176.441323,0.013506
11179.520019,0.013485
11182.598715,0.013460
11185.677412,0.013436
11188.756108,0.013417
11191.834805,0.013400
11194.913501,0.013376
11197.992197,0.013342
11201.070894,0.013308
11204.149590,0.013280
11207.228287,0.013259
11210.306983,0.013237
11213.385679,0.013209
11216.464376,0.013175
11219.543072,0.013138
11222.621769,0.013102
11225.700465,0.013067
11228.779161,0.013033
11231.857858,0.013003
11234.936554,0.012979
11238.015251,0.012959
11241.093947,0.012937
11244.172643,0.012912
11247.251340,0.012886
11250.330036,0.012860
11253.408733,0.012835
11256.487429,0.012812
11259.566125,0.012789
11262.644822,0.012763
11265.723518,0.012735
11268.802215,0.012707
11271.880911,0.012679
11274.959608,0.012652
11278.038304,0.012630
11281.117000,0.012616
11284.195697,0.012598
11287.274393,0.012566
11290.353090,0.012524
11293.431786,0.012484
11296.510482,0.012451
11299.589179,0.012423
11302.667875,0.012403
11305.746572,0.012390
11308.825268,0.012380
11311.903964,0.012371
11314.982661,0.012358
11318.061357,0.012332
11321.140054,0.012293
11324.218750,0.012253
11327.297446,0.012221
11330.376143,0.012197
11333.454839,0.012178
11336.533536,0.012161
11339.612232,0.012145
11342.690928,0.012129
11345.769625,0.012109
11348.848321,0.012082
11351.927018,0.012045
11355.005714,0.012004
11358.084410,0.011966
11361.163107,0.011937
11364.241803,0.011918
11367.320500,0.011905
11370.399196,0.011892
11373.477892,0.011873
11376.556589,0.011849
11379.635285,0.011823
11382.713982,0.011798
11385.792678,0.011776
11388.871375,0.011754
11391.950071,0.011736
11395.028767,0.011720
11398.107464,0.011699
11401.186160,0.011668
11404.264857,0.011635
11407.343553,0.011611
11410.422249,0.011591
11413.500946,0.011567
11416.579642,0.011533
11419.658339,0.011496
11422.737035,0.011463
11425.815731,0.011436
11428.894428,0.011414
11431.973124,0.011394
11435.051821,0.011372
11438.130517,0.011352
11441.209213,0.011338
11444.287910,0.011329
11447.366606,0.011320
11450.445303,0.011305
11453.523999,0.011279
11456.602695,0.011244
11459.681392,0.011207
11462.760088,0.011178
11465.838785,0.011157
11468.917481,0.011135
11471.996177,0.011106
11475.074874,0.011078
11478.153570,0.011056
11481.232267,0.011036
11484.310963,0.011017
11487.389660,0.011000
11490.468356,0.010983
11493.547052,0.010962
11496.625749,0.010937
11499.704445,0.010912
11502.783142,0.010888
11505.861838,0.010866
11508.940534,0.010850
11512.019231,0.010837
11515.097927,0.010819
11518.176624,0.010792
11521.255320,0.010765
11524.334016,0.010748
11527.412713,0.010738
11530.491409,0.010721
11533.570106,0.010692
11536.648802,0.010659
11539.727498,0.010634
11542.806195,0.010616
11545.884891,0.010597
11548.963588,0.010576
11552.042284,0.010553
11555.120980,0.010528
11558.199677,0.010501
11561.278373,0.010471
11564.357070,0.010442
11567.435766,0.010417
11570.514462,0.010397
11573.593159,0.010386
11576.671855,0.010378
11579.750552,0.010365
11582.829248,0.010341
11585.907945,0.010308
11588.986641,0.010276
11592.065337,0.010253
11595.144034,0.010239
11598.222730,0.010226
11601.301427,0.010207
11604.380123,0.010187
11607.458819,0.010175
11610.537516,0.010170
11613.616212,0.010160
11616.694909,0.010139
11619.773605,0.010114
11622.852301,0.010087
11625.930998,0.010057
11629.009694,0.010023
11632.088391,0.009989
11635.167087,0.009961
11638.245783,0.009941
11641.324480,0.009930
11644.403176,0.009927
11647.481873,0.009922
11650.560569,0.009907
11653.639265,0.009880
11656.717962,0.009848
11659.796658,0.009816
11662.875355,0.009788
11665.954051,0.009763
11669.032747,0.009744
11672.111444,0.009733
11675.190140,0.009725
11678.268837,0.009710
11681.347533,0.009688
11684.426230,0.009665
11687.504926,0.009647
11690.583622,0.009630
11693.662319,0.009607
11696.741015,0.009578
11699.819712,0.009552
11702.898408,0.009536
11705.977104,0.009525
11709.055801,0.009513
11712.134497,0.009495
11715.213194,0.009470
11718.291890,0.009442
11721.370586,0.009420
11724.449283,0.009407
11727.527979,0.009398
11730.606676,0.009386
11733.685372,0.009370
11736.764068,0.009351
11739.842765,0.009332
11742.921461,0.009311
11746.000158,0.009286
11749.078854,0.009258
11752.157550,0.009235
11755.236247,0.009222
11758.314943,0.009215
11761.393640,0.009205
11764.472336,0.009187
11767.551032,0.009158
11770.629729,0.009125
11773.708425,0.009095
11776.787122,0.009072
11779.865818,0.009052
11782.944515,0.009035
11786.023211,0.009027
11789.101907,0.009030
11792.180604,0.009031
11795.259300,0.009018
11798.337997,0.008991
11801.416693,0.008963
11804.495389,0.008941
11807.574086,0.008917
11810.652782,0.008887
11813.731479,0.008857
11816.810175,0.008838
11819.888871,0.008830
11822.967568,0.008820
11826.046264,0.008798
11829.124961,0.008769
11832.203657,0.008745
11835.282353,0.008728
11838.361050,0.008711
11841.439746,0.008691
11844.518443,0.008670
11847.597139,0.008651
11850.675835,0.008631
11853.754532,0.008609
11856.833228,0.008590
11859.911925,0.008580
11862.990621,0.008576
11866.069317,0.008572
11869.148014,0.008560
11872.226710,0.008544
11875.305407,0.008524
11878.384103,0.008503
11881.462799,0.008479
11884.541496,0.008457
11887.620192,0.008439
11890.698889,0.008429
11893.777585,0.008422
11896.856282,0.008409
11899.934978,0.008382
11903.013674,0.008345
11906.092371,0.008309
11909.171067,0.008286
11912.249764,0.008269
11915.328460,0.008251
11918.407156,0.008236
11921.485853,0.008231
11924.564549,0.008231
11927.643246,0.008221
11930.721942,0.008197
11933.800638,0.008172
11936.879335,0.008156
11939.958031,0.008146
11943.036728,0.008132
11946.115424,0.008114
11949.194120,0.008096
11952.272817,0.008081
11955.351513,0.008066
11958.430210,0.008050
11961.508906,0.008032
11964.587602,0.008009
11967.666299,0.007979
11970.744995,0.007946
11973.823692,0.007921
11976.902388,0.007910
11979.981084,0.007907
11983.059781,0.007900
11986.138477,0.007887
11989.217174,0.007875
11992.295870,0.007869
11995.374567,0.007869
