#Time: 20250306 103419
#Direction: Positive
#Lamp current: 1.441407
#Interferometer temperature: 17.660000
#Interferometer humidity: 38.925056
#Laser wavelength(nm): 790.087493
#VCM speed: 5000
#Resolution: 8
#Gain: 1
#Acquisition Times: 16
#Spectra: Power spectra
#XUnit: cm-1
4000.000000,0.006448
4003.078696,0.006817
4006.157393,0.007202
4009.236089,0.007623
4012.314786,0.008086
4015.393482,0.008581
4018.472178,0.009110
4021.550875,0.009696
4024.629571,0.010338
4027.708268,0.011039
4030.786964,0.011788
4033.865660,0.012561
4036.944357,0.013393
4040.023053,0.014274
4043.101750,0.015243
4046.180446,0.016323
4049.259142,0.017510
4052.337839,0.018778
4055.416535,0.020109
4058.495232,0.021516
4061.573928,0.023023
4064.652625,0.024637
4067.731321,0.026343
4070.810017,0.028132
4073.888714,0.030024
4076.967410,0.032038
4080.046107,0.034177
4083.124803,0.036422
4086.203499,0.038759
4089.282196,0.041192
4092.360892,0.043713
4095.439589,0.046297
4098.518285,0.048911
4101.596981,0.051554
4104.675678,0.054250
4107.754374,0.057017
4110.833071,0.059839
4113.911767,0.062677
4116.990463,0.065509
4120.069160,0.068339
4123.147856,0.071172
4126.226553,0.073994
4129.305249,0.076771
4132.383945,0.079485
4135.462642,0.082143
4138.541338,0.084763
4141.620035,0.087350
4144.698731,0.089897
4147.777427,0.092396
4150.856124,0.094846
4153.934820,0.097253
4157.013517,0.099618
4160.092213,0.101943
4163.170910,0.104228
4166.249606,0.106473
4169.328302,0.108682
4172.406999,0.110858
4175.485695,0.112999
4178.564392,0.115104
4181.643088,0.117185
4184.721784,0.119256
4187.800481,0.121317
4190.879177,0.123369
4193.957874,0.125417
4197.036570,0.127471
4200.115266,0.129525
4203.193963,0.131564
4206.272659,0.133586
4209.351356,0.135605
4212.430052,0.137623
4215.508748,0.139618
4218.587445,0.141566
4221.666141,0.143464
4224.744838,0.145321
4227.823534,0.147145
4230.902230,0.148942
4233.980927,0.150726
4237.059623,0.152530
4240.138320,0.154379
4243.217016,0.156271
4246.295712,0.158179
4249.374409,0.160083
4252.453105,0.161977
4255.531802,0.163851
4258.610498,0.165683
4261.689195,0.167446
4264.767891,0.169137
4267.846587,0.170786
4270.925284,0.172438
4274.003980,0.174130
4277.082677,0.175874
4280.161373,0.177665
4283.240069,0.179473
4286.318766,0.181246
4289.397462,0.182940
4292.476159,0.184556
4295.554855,0.186132
4298.633551,0.187708
4301.712248,0.189310
4304.790944,0.190953
4307.869641,0.192634
4310.948337,0.194331
4314.027033,0.196016
4317.105730,0.197677
4320.184426,0.199311
4323.263123,0.200920
4326.341819,0.202506
4329.420515,0.204073
4332.499212,0.205627
4335.577908,0.207171
4338.656605,0.208693
4341.735301,0.210181
4344.813997,0.211649
4347.892694,0.213111
4350.971390,0.214563
4354.050087,0.215994
4357.128783,0.217413
4360.207480,0.218842
4363.286176,0.220286
4366.364872,0.221728
4369.443569,0.223144
4372.522265,0.224502
4375.600962,0.225773
4378.679658,0.226958
4381.758354,0.228095
4384.837051,0.229229
4387.915747,0.230377
4390.994444,0.231538
4394.073140,0.232706
4397.151836,0.233865
4400.230533,0.234968
4403.309229,0.235976
4406.387926,0.236887
4409.466622,0.237734
4412.545318,0.238556
4415.624015,0.239376
4418.702711,0.240195
4421.781408,0.241001
4424.860104,0.241795
4427.938800,0.242589
4431.017497,0.243389
4434.096193,0.244176
4437.174890,0.244929
4440.253586,0.245657
4443.332282,0.246390
4446.410979,0.247153
4449.489675,0.247944
4452.568372,0.248756
4455.647068,0.249583
4458.725765,0.250425
4461.804461,0.251290
4464.883157,0.252192
4467.961854,0.253127
4471.040550,0.254065
4474.119247,0.254977
4477.197943,0.255870
4480.276639,0.256762
4483.355336,0.257648
4486.434032,0.258505
4489.512729,0.259332
4492.591425,0.260173
4495.670121,0.261094
4498.748818,0.262148
4501.827514,0.263338
4504.906211,0.264610
4507.984907,0.265880
4511.063603,0.267095
4514.142300,0.268268
4517.220996,0.269460
4520.299693,0.270736
4523.378389,0.272126
4526.457085,0.273613
4529.535782,0.275167
4532.614478,0.276778
4535.693175,0.278468
4538.771871,0.280270
4541.850567,0.282193
4544.929264,0.284235
4548.007960,0.286391
4551.086657,0.288665
4554.165353,0.291057
4557.244049,0.293536
4560.322746,0.296049
4563.401442,0.298532
4566.480139,0.300938
4569.558835,0.303240
4572.637532,0.305428
4575.716228,0.307519
4578.794924,0.309565
4581.873621,0.311629
4584.952317,0.313748
4588.031014,0.315900
4591.109710,0.318020
4594.188406,0.320046
4597.267103,0.321952
4600.345799,0.323739
4603.424496,0.325416
4606.503192,0.327004
4609.581888,0.328523
4612.660585,0.329968
4615.739281,0.331312
4618.817978,0.332553
4621.896674,0.333748
4624.975370,0.334993
4628.054067,0.336360
4631.132763,0.337839
4634.211460,0.339337
4637.290156,0.340733
4640.368852,0.341931
4643.447549,0.342898
4646.526245,0.343676
4649.604942,0.344379
4652.683638,0.345141
4655.762334,0.346050
4658.841031,0.347094
4661.919727,0.348192
4664.998424,0.349236
4668.077120,0.350143
4671.155817,0.350910
4674.234513,0.351639
4677.313209,0.352482
4680.391906,0.353509
4683.470602,0.354654
4686.549299,0.355770
4689.627995,0.356741
4692.706691,0.357530
4695.785388,0.358175
4698.864084,0.358782
4701.942781,0.359508
4705.021477,0.360450
4708.100173,0.361552
4711.178870,0.362631
4714.257566,0.363513
4717.336263,0.364117
4720.414959,0.364481
4723.493655,0.364752
4726.572352,0.365154
4729.651048,0.365865
4732.729745,0.366876
4735.808441,0.367991
4738.887137,0.368969
4741.965834,0.369684
4745.044530,0.370163
4748.123227,0.370534
4751.201923,0.370962
4754.280619,0.371575
4757.359316,0.372382
4760.438012,0.373259
4763.516709,0.374029
4766.595405,0.374582
4769.674102,0.374920
4772.752798,0.375148
4775.831494,0.375417
4778.910191,0.375853
4781.988887,0.376477
4785.067584,0.377193
4788.146280,0.377856
4791.224976,0.378363
4794.303673,0.378704
4797.382369,0.378956
4800.461066,0.379225
4803.539762,0.379582
4806.618458,0.380033
4809.697155,0.380533
4812.775851,0.381011
4815.854548,0.381410
4818.933244,0.381718
4822.011940,0.381991
4825.090637,0.382323
4828.169333,0.382770
4831.248030,0.383312
4834.326726,0.383867
4837.405422,0.384349
4840.484119,0.384709
4843.562815,0.384960
4846.641512,0.385160
4849.720208,0.385389
4852.798904,0.385703
4855.877601,0.386092
4858.956297,0.386496
4862.034994,0.386838
4865.113690,0.387069
4868.192387,0.387201
4871.271083,0.387303
4874.349779,0.387463
4877.428476,0.387726
4880.507172,0.388069
4883.585869,0.388434
4886.664565,0.388765
4889.743261,0.389038
4892.821958,0.389253
4895.900654,0.389427
4898.979351,0.389592
4902.058047,0.389795
4905.136743,0.390076
4908.215440,0.390438
4911.294136,0.390849
4914.372833,0.391262
4917.451529,0.391636
4920.530225,0.391948
4923.608922,0.392205
4926.687618,0.392447
4929.766315,0.392720
4932.845011,0.393028
4935.923707,0.393338
4939.002404,0.393611
4942.081100,0.393836
4945.159797,0.394015
4948.238493,0.394146
4951.317189,0.394224
4954.395886,0.394258
4957.474582,0.394283
4960.553279,0.394346
4963.631975,0.394486
4966.710672,0.394716
4969.789368,0.395021
4972.868064,0.395358
4975.946761,0.395659
4979.025457,0.395856
4982.104154,0.395925
4985.182850,0.395925
4988.261546,0.395960
4991.340243,0.396111
4994.418939,0.396397
4997.497636,0.396780
5000.576332,0.397203
5003.655028,0.397620
5006.733725,0.398008
5009.812421,0.398363
5012.891118,0.398696
5015.969814,0.399020
5019.048510,0.399333
5022.127207,0.399620
5025.205903,0.399882
5028.284600,0.400131
5031.363296,0.400379
5034.441992,0.400637
5037.520689,0.400908
5040.599385,0.401164
5043.678082,0.401360
5046.756778,0.401486
5049.835474,0.401600
5052.914171,0.401763
5055.992867,0.401953
5059.071564,0.402099
5062.150260,0.402177
5065.228956,0.402220
5068.307653,0.402270
5071.386349,0.402364
5074.465046,0.402514
5077.543742,0.402678
5080.622439,0.402796
5083.701135,0.402854
5086.779831,0.402861
5089.858528,0.402818
5092.937224,0.402778
5096.015921,0.402842
5099.094617,0.403050
5102.173313,0.403327
5105.252010,0.403575
5108.330706,0.403729
5111.409403,0.403751
5114.488099,0.403670
5117.566795,0.403665
5120.645492,0.403914
5123.724188,0.404330
5126.802885,0.404613
5129.881581,0.404620
5132.960277,0.404467
5136.038974,0.404244
5139.117670,0.403993
5142.196367,0.403895
5145.275063,0.404000
5148.353759,0.403876
5151.432456,0.403078
5154.511152,0.401842
5157.589849,0.400846
5160.668545,0.400490
5163.747241,0.400701
5166.825938,0.401188
5169.904634,0.401676
5172.983331,0.401940
5176.062027,0.401663
5179.140724,0.400527
5182.219420,0.398891
5185.298116,0.397980
5188.376813,0.398482
5191.455509,0.399464
5194.534206,0.399619
5197.612902,0.398245
5200.691598,0.394517
5203.770295,0.388919
5206.848991,0.385437
5209.927688,0.387750
5213.006384,0.393586
5216.085080,0.397122
5219.163777,0.395759
5222.242473,0.391668
5225.321170,0.388633
5228.399866,0.389012
5231.478562,0.392413
5234.557259,0.396225
5237.635955,0.397141
5240.714652,0.393218
5243.793348,0.386305
5246.872044,0.381298
5249.950741,0.381184
5253.029437,0.384141
5256.108134,0.386118
5259.186830,0.385019
5262.265526,0.382785
5265.344223,0.383651
5268.422919,0.389309
5271.501616,0.396644
5274.580312,0.401256
5277.659009,0.401678
5280.737705,0.399351
5283.816401,0.396277
5286.895098,0.394089
5289.973794,0.394238
5293.052491,0.396967
5296.131187,0.400245
5299.209883,0.401388
5302.288580,0.399832
5305.367276,0.397614
5308.445973,0.397192
5311.524669,0.398989
5314.603365,0.401331
5317.682062,0.402223
5320.760758,0.400298
5323.839455,0.395484
5326.918151,0.389687
5329.996847,0.384652
5333.075544,0.379516
5336.154240,0.373141
5339.232937,0.367285
5342.311633,0.364855
5345.390329,0.366416
5348.469026,0.370160
5351.547722,0.374872
5354.626419,0.381139
5357.705115,0.388630
5360.783811,0.394791
5363.862508,0.397953
5366.941204,0.398301
5370.019901,0.395432
5373.098597,0.389766
5376.177294,0.385023
5379.255990,0.384237
5382.334686,0.385792
5385.413383,0.386485
5388.492079,0.385231
5391.570776,0.383174
5394.649472,0.382993
5397.728168,0.386450
5400.806865,0.390842
5403.885561,0.390548
5406.964258,0.383439
5410.042954,0.374523
5413.121650,0.371991
5416.200347,0.378636
5419.279043,0.388061
5422.357740,0.391328
5425.436436,0.386335
5428.515132,0.378671
5431.593829,0.374417
5434.672525,0.374262
5437.751222,0.374743
5440.829918,0.373657
5443.908614,0.372841
5446.987311,0.375447
5450.066007,0.381393
5453.144704,0.386751
5456.223400,0.388064
5459.302096,0.386127
5462.380793,0.384492
5465.459489,0.384929
5468.538186,0.385829
5471.616882,0.385492
5474.695578,0.385377
5477.774275,0.387863
5480.852971,0.391638
5483.931668,0.392549
5487.010364,0.389222
5490.089061,0.385130
5493.167757,0.384492
5496.246453,0.387710
5499.325150,0.391571
5502.403846,0.393246
5505.482543,0.393050
5508.561239,0.392976
5511.639935,0.393728
5514.718632,0.394443
5517.797328,0.394634
5520.876025,0.394894
5523.954721,0.395686
5527.033417,0.396524
5530.112114,0.396658
5533.190810,0.396116
5536.269507,0.395681
5539.348203,0.395854
5542.426899,0.396225
5545.505596,0.396155
5548.584292,0.395679
5551.662989,0.395394
5554.741685,0.395671
5557.820381,0.396278
5560.899078,0.396716
5563.977774,0.396761
5567.056471,0.396566
5570.135167,0.396351
5573.213863,0.396189
5576.292560,0.396072
5579.371256,0.395997
5582.449953,0.395945
5585.528649,0.395865
5588.607346,0.395693
5591.686042,0.395396
5594.764738,0.394997
5597.843435,0.394575
5600.922131,0.394237
5604.000828,0.394041
5607.079524,0.393929
5610.158220,0.393774
5613.236917,0.393533
5616.315613,0.393266
5619.394310,0.393026
5622.473006,0.392811
5625.551702,0.392600
5628.630399,0.392371
5631.709095,0.392107
5634.787792,0.391817
5637.866488,0.391531
5640.945184,0.391277
5644.023881,0.391063
5647.102577,0.390879
5650.181274,0.390710
5653.259970,0.390534
5656.338666,0.390329
5659.417363,0.390099
5662.496059,0.389886
5665.574756,0.389713
5668.653452,0.389547
5671.732148,0.389342
5674.810845,0.389095
5677.889541,0.388832
5680.968238,0.388559
5684.046934,0.388260
5687.125631,0.387925
5690.204327,0.387564
5693.283023,0.387194
5696.361720,0.386823
5699.440416,0.386453
5702.519113,0.386093
5705.597809,0.385757
5708.676505,0.385459
5711.755202,0.385203
5714.833898,0.384962
5717.912595,0.384695
5720.991291,0.384388
5724.069987,0.384063
5727.148684,0.383738
5730.227380,0.383412
5733.306077,0.383073
5736.384773,0.382732
5739.463469,0.382403
5742.542166,0.382091
5745.620862,0.381795
5748.699559,0.381504
5751.778255,0.381193
5754.856951,0.380842
5757.935648,0.380459
5761.014344,0.380085
5764.093041,0.379752
5767.171737,0.379451
5770.250433,0.379163
5773.329130,0.378883
5776.407826,0.378612
5779.486523,0.378334
5782.565219,0.378035
5785.643916,0.377729
5788.722612,0.377434
5791.801308,0.377141
5794.880005,0.376824
5797.958701,0.376468
5801.037398,0.376065
5804.116094,0.375605
5807.194790,0.375098
5810.273487,0.374597
5813.352183,0.374163
5816.430880,0.373810
5819.509576,0.373505
5822.588272,0.373209
5825.666969,0.372916
5828.745665,0.372638
5831.824362,0.372373
5834.903058,0.372099
5837.981754,0.371790
5841.060451,0.371438
5844.139147,0.371059
5847.217844,0.370678
5850.296540,0.370313
5853.375236,0.369966
5856.453933,0.369622
5859.532629,0.369263
5862.611326,0.368880
5865.690022,0.368473
5868.768718,0.368048
5871.847415,0.367596
5874.926111,0.367114
5878.004808,0.366616
5881.083504,0.366137
5884.162201,0.365702
5887.240897,0.365310
5890.319593,0.364936
5893.398290,0.364552
5896.476986,0.364152
5899.555683,0.363760
5902.634379,0.363408
5905.713075,0.363099
5908.791772,0.362810
5911.870468,0.362515
5914.949165,0.362202
5918.027861,0.361884
5921.106557,0.361570
5924.185254,0.361250
5927.263950,0.360903
5930.342647,0.360520
5933.421343,0.360111
5936.500039,0.359690
5939.578736,0.359269
5942.657432,0.358867
5945.736129,0.358492
5948.814825,0.358122
5951.893521,0.357728
5954.972218,0.357299
5958.050914,0.356859
5961.129611,0.356429
5964.208307,0.356020
5967.287003,0.355628
5970.365700,0.355246
5973.444396,0.354869
5976.523093,0.354506
5979.601789,0.354174
5982.680485,0.353871
5985.759182,0.353574
5988.837878,0.353263
5991.916575,0.352924
5994.995271,0.352554
5998.073968,0.352166
6001.152664,0.351783
6004.231360,0.351414
6007.310057,0.351049
6010.388753,0.350670
6013.467450,0.350269
6016.546146,0.349849
6019.624842,0.349416
6022.703539,0.348977
6025.782235,0.348528
6028.860932,0.348066
6031.939628,0.347596
6035.018324,0.347133
6038.097021,0.346688
6041.175717,0.346261
6044.254414,0.345845
6047.333110,0.345432
6050.411806,0.345026
6053.490503,0.344633
6056.569199,0.344260
6059.647896,0.343908
6062.726592,0.343565
6065.805288,0.343209
6068.883985,0.342826
6071.962681,0.342418
6075.041378,0.341987
6078.120074,0.341541
6081.198770,0.341094
6084.277467,0.340665
6087.356163,0.340258
6090.434860,0.339858
6093.513556,0.339442
6096.592253,0.339000
6099.670949,0.338545
6102.749645,0.338100
6105.828342,0.337677
6108.907038,0.337270
6111.985735,0.336868
6115.064431,0.336462
6118.143127,0.336049
6121.221824,0.335621
6124.300520,0.335174
6127.379217,0.334715
6130.457913,0.334272
6133.536609,0.333865
6136.615306,0.333492
6139.694002,0.333135
6142.772699,0.332768
6145.851395,0.332374
6148.930091,0.331951
6152.008788,0.331509
6155.087484,0.331056
6158.166181,0.330590
6161.244877,0.330113
6164.323573,0.329641
6167.402270,0.329187
6170.480966,0.328751
6173.559663,0.328317
6176.638359,0.327869
6179.717055,0.327409
6182.795752,0.326956
6185.874448,0.326522
6188.953145,0.326100
6192.031841,0.325674
6195.110538,0.325243
6198.189234,0.324817
6201.267930,0.324404
6204.346627,0.323993
6207.425323,0.323568
6210.504020,0.323126
6213.582716,0.322681
6216.661412,0.322243
6219.740109,0.321822
6222.818805,0.321423
6225.897502,0.321041
6228.976198,0.320658
6232.054894,0.320256
6235.133591,0.319834
6238.212287,0.319400
6241.290984,0.318968
6244.369680,0.318536
6247.448376,0.318090
6250.527073,0.317627
6253.605769,0.317163
6256.684466,0.316729
6259.763162,0.316326
6262.841858,0.315923
6265.920555,0.315488
6268.999251,0.315021
6272.077948,0.314544
6275.156644,0.314070
6278.235340,0.313605
6281.314037,0.313146
6284.392733,0.312698
6287.471430,0.312272
6290.550126,0.311875
6293.628823,0.311496
6296.707519,0.311110
6299.786215,0.310699
6302.864912,0.310272
6305.943608,0.309836
6309.022305,0.309383
6312.101001,0.308900
6315.179697,0.308398
6318.258394,0.307899
6321.337090,0.307415
6324.415787,0.306944
6327.494483,0.306475
6330.573179,0.306009
6333.651876,0.305555
6336.730572,0.305134
6339.809269,0.304751
6342.887965,0.304393
6345.966661,0.304027
6349.045358,0.303634
6352.124054,0.303222
6355.202751,0.302817
6358.281447,0.302430
6361.360143,0.302056
6364.438840,0.301684
6367.517536,0.301307
6370.596233,0.300915
6373.674929,0.300500
6376.753625,0.300063
6379.832322,0.299621
6382.911018,0.299184
6385.989715,0.298750
6389.068411,0.298308
6392.147108,0.297857
6395.225804,0.297404
6398.304500,0.296953
6401.383197,0.296504
6404.461893,0.296046
6407.540590,0.295574
6410.619286,0.295100
6413.697982,0.294640
6416.776679,0.294199
6419.855375,0.293767
6422.934072,0.293336
6426.012768,0.292904
6429.091464,0.292473
6432.170161,0.292045
6435.248857,0.291621
6438.327554,0.291200
6441.406250,0.290775
6444.484946,0.290340
6447.563643,0.289898
6450.642339,0.289451
6453.721036,0.289002
6456.799732,0.288551
6459.878428,0.288100
6462.957125,0.287656
6466.035821,0.287214
6469.114518,0.286764
6472.193214,0.286301
6475.271910,0.285838
6478.350607,0.285384
6481.429303,0.284936
6484.508000,0.284490
6487.586696,0.284053
6490.665392,0.283632
6493.744089,0.283231
6496.822785,0.282848
6499.901482,0.282486
6502.980178,0.282138
6506.058875,0.281796
6509.137571,0.281449
6512.216267,0.281082
6515.294964,0.280677
6518.373660,0.280229
6521.452357,0.279751
6524.531053,0.279257
6527.609749,0.278751
6530.688446,0.278237
6533.767142,0.277728
6536.845839,0.277236
6539.924535,0.276770
6543.003231,0.276329
6546.081928,0.275911
6549.160624,0.275512
6552.239321,0.275129
6555.318017,0.274755
6558.396713,0.274383
6561.475410,0.273999
6564.554106,0.273593
6567.632803,0.273170
6570.711499,0.272740
6573.790195,0.272309
6576.868892,0.271875
6579.947588,0.271440
6583.026285,0.271011
6586.104981,0.270590
6589.183677,0.270173
6592.262374,0.269749
6595.341070,0.269312
6598.419767,0.268865
6601.498463,0.268417
6604.577160,0.267975
6607.655856,0.267548
6610.734552,0.267129
6613.813249,0.266701
6616.891945,0.266252
6619.970642,0.265784
6623.049338,0.265310
6626.128034,0.264845
6629.206731,0.264403
6632.285427,0.263986
6635.364124,0.263576
6638.442820,0.263150
6641.521516,0.262701
6644.600213,0.262244
6647.678909,0.261804
6650.757606,0.261391
6653.836302,0.260993
6656.914998,0.260601
6659.993695,0.260215
6663.072391,0.259839
6666.151088,0.259462
6669.229784,0.259072
6672.308480,0.258667
6675.387177,0.258248
6678.465873,0.257812
6681.544570,0.257364
6684.623266,0.256921
6687.701962,0.256499
6690.780659,0.256099
6693.859355,0.255708
6696.938052,0.255307
6700.016748,0.254880
6703.095445,0.254432
6706.174141,0.253985
6709.252837,0.253539
6712.331534,0.253082
6715.410230,0.252609
6718.488927,0.252126
6721.567623,0.251641
6724.646319,0.251170
6727.725016,0.250742
6730.803712,0.250355
6733.882409,0.249983
6736.961105,0.249601
6740.039801,0.249183
6743.118498,0.248698
6746.197194,0.248153
6749.275891,0.247606
6752.354587,0.247122
6755.433283,0.246726
6758.511980,0.246385
6761.590676,0.246016
6764.669373,0.245574
6767.748069,0.245113
6770.826765,0.244714
6773.905462,0.244380
6776.984158,0.244054
6780.062855,0.243675
6783.141551,0.243195
6786.220247,0.242604
6789.298944,0.241964
6792.377640,0.241348
6795.456337,0.240782
6798.535033,0.240281
6801.613730,0.239898
6804.692426,0.239665
6807.771122,0.239498
6810.849819,0.239242
6813.928515,0.238833
6817.007212,0.238346
6820.085908,0.237885
6823.164604,0.237489
6826.243301,0.237133
6829.321997,0.236760
6832.400694,0.236362
6835.479390,0.236001
6838.558086,0.235692
6841.636783,0.235344
6844.715479,0.234906
6847.794176,0.234460
6850.872872,0.234092
6853.951568,0.233768
6857.030265,0.233398
6860.108961,0.232957
6863.187658,0.232457
6866.266354,0.231899
6869.345050,0.231335
6872.423747,0.230874
6875.502443,0.230537
6878.581140,0.230196
6881.659836,0.229725
6884.738532,0.229100
6887.817229,0.228358
6890.895925,0.227630
6893.974622,0.227145
6897.053318,0.227004
6900.132015,0.227002
6903.210711,0.226847
6906.289407,0.226419
6909.368104,0.225707
6912.446800,0.224759
6915.525497,0.223848
6918.604193,0.223354
6921.682889,0.223306
6924.761586,0.223304
6927.840282,0.223013
6930.918979,0.222470
6933.997675,0.221886
6937.076371,0.221407
6940.155068,0.221035
6943.233764,0.220672
6946.312461,0.220223
6949.391157,0.219663
6952.469853,0.219056
6955.548550,0.218560
6958.627246,0.218296
6961.705943,0.218150
6964.784639,0.217865
6967.863335,0.217357
6970.942032,0.216800
6974.020728,0.216331
6977.099425,0.215844
6980.178121,0.215223
6983.256817,0.214618
6986.335514,0.214258
6989.414210,0.214104
6992.492907,0.213887
6995.571603,0.213438
6998.650299,0.212837
7001.728996,0.212300
7004.807692,0.211950
7007.886389,0.211708
7010.965085,0.211398
7014.043782,0.210932
7017.122478,0.210313
7020.201174,0.209597
7023.279871,0.208972
7026.358567,0.208657
7029.437264,0.208599
7032.515960,0.208474
7035.594656,0.208025
7038.673353,0.207223
7041.752049,0.206213
7044.830746,0.205306
7047.909442,0.204821
7050.988138,0.204789
7054.066835,0.204943
7057.145531,0.204984
7060.224228,0.204643
7063.302924,0.203663
7066.381620,0.202162
7069.460317,0.200872
7072.539013,0.200509
7075.617710,0.200932
7078.696406,0.201386
7081.775102,0.201424
7084.853799,0.201003
7087.932495,0.199969
7091.011192,0.198319
7094.089888,0.196808
7097.168584,0.196241
7100.247281,0.196269
7103.325977,0.196045
7106.404674,0.195589
7109.483370,0.195164
7112.562067,0.194235
7115.640763,0.192701
7118.719459,0.191918
7121.798156,0.192915
7124.876852,0.194755
7127.955549,0.195676
7131.034245,0.194785
7134.112941,0.192335
7137.191638,0.189473
7140.270334,0.187767
7143.349031,0.188149
7146.427727,0.190144
7149.506423,0.192255
7152.585120,0.192932
7155.663816,0.191472
7158.742513,0.188531
7161.821209,0.185705
7164.899905,0.184389
7167.978602,0.185028
7171.057298,0.186894
7174.135995,0.188232
7177.214691,0.187690
7180.293387,0.186143
7183.372084,0.185808
7186.450780,0.187283
7189.529477,0.189020
7192.608173,0.189620
7195.686869,0.188929
7198.765566,0.187254
7201.844262,0.185290
7204.922959,0.184298
7208.001655,0.184785
7211.080352,0.185563
7214.159048,0.185247
7217.237744,0.183966
7220.316441,0.182663
7223.395137,0.181289
7226.473834,0.178972
7229.552530,0.176112
7232.631226,0.174566
7235.709923,0.174803
7238.788619,0.175214
7241.867316,0.175288
7244.946012,0.176450
7248.024708,0.178944
7251.103405,0.181147
7254.182101,0.182172
7257.260798,0.182481
7260.339494,0.182509
7263.418190,0.182427
7266.496887,0.182427
7269.575583,0.182470
7272.654280,0.182419
7275.732976,0.182324
7278.811672,0.182122
7281.890369,0.181476
7284.969065,0.180133
7288.047762,0.178214
7291.126458,0.176246
7294.205154,0.175005
7297.283851,0.174831
7300.362547,0.174959
7303.441244,0.174230
7306.519940,0.172700
7309.598637,0.171812
7312.677333,0.172588
7315.756029,0.174210
7318.834726,0.174724
7321.913422,0.173095
7324.992119,0.170584
7328.070815,0.169575
7331.149511,0.170519
7334.228208,0.170992
7337.306904,0.168960
7340.385601,0.165787
7343.464297,0.164423
7346.542993,0.165662
7349.621690,0.167785
7352.700386,0.169161
7355.779083,0.169756
7358.857779,0.170196
7361.936475,0.170562
7365.015172,0.170574
7368.093868,0.170232
7371.172565,0.169654
7374.251261,0.168869
7377.329957,0.168173
7380.408654,0.168135
7383.487350,0.168883
7386.566047,0.169833
7389.644743,0.170377
7392.723439,0.170503
7395.802136,0.170550
7398.880832,0.170651
7401.959529,0.170697
7405.038225,0.170672
7408.116922,0.170635
7411.195618,0.170492
7414.274314,0.170125
7417.353011,0.169685
7420.431707,0.169458
7423.510404,0.169484
7426.589100,0.169546
7429.667796,0.169473
7432.746493,0.169254
7435.825189,0.168959
7438.903886,0.168668
7441.982582,0.168427
7445.061278,0.168217
7448.139975,0.167985
7451.218671,0.167707
7454.297368,0.167399
7457.376064,0.167085
7460.454760,0.166782
7463.533457,0.166495
7466.612153,0.166207
7469.690850,0.165902
7472.769546,0.165577
7475.848242,0.165248
7478.926939,0.164918
7482.005635,0.164588
7485.084332,0.164276
7488.163028,0.164001
7491.241724,0.163744
7494.320421,0.163475
7497.399117,0.163184
7500.477814,0.162881
7503.556510,0.162573
7506.635206,0.162272
7509.713903,0.161991
7512.792599,0.161730
7515.871296,0.161470
7518.949992,0.161195
7522.028689,0.160897
7525.107385,0.160587
7528.186081,0.160278
7531.264778,0.159978
7534.343474,0.159688
7537.422171,0.159401
7540.500867,0.159112
7543.579563,0.158814
7546.658260,0.158503
7549.736956,0.158183
7552.815653,0.157867
7555.894349,0.157572
7558.973045,0.157296
7562.051742,0.157026
7565.130438,0.156744
7568.209135,0.156448
7571.287831,0.156149
7574.366527,0.155861
7577.445224,0.155588
7580.523920,0.155319
7583.602617,0.155047
7586.681313,0.154769
7589.760009,0.154484
7592.838706,0.154188
7595.917402,0.153883
7598.996099,0.153578
7602.074795,0.153282
7605.153491,0.152994
7608.232188,0.152708
7611.310884,0.152429
7614.389581,0.152162
7617.468277,0.151909
7620.546974,0.151660
7623.625670,0.151403
7626.704366,0.151129
7629.783063,0.150833
7632.861759,0.150525
7635.940456,0.150219
7639.019152,0.149922
7642.097848,0.149632
7645.176545,0.149350
7648.255241,0.149076
7651.333938,0.148804
7654.412634,0.148525
7657.491330,0.148239
7660.570027,0.147946
7663.648723,0.147648
7666.727420,0.147355
7669.806116,0.147075
7672.884812,0.146808
7675.963509,0.146547
7679.042205,0.146282
7682.120902,0.146005
7685.199598,0.145721
7688.278294,0.145447
7691.356991,0.145190
7694.435687,0.144946
7697.514384,0.144702
7700.593080,0.144444
7703.671776,0.144166
7706.750473,0.143865
7709.829169,0.143555
7712.907866,0.143246
7715.986562,0.142948
7719.065259,0.142665
7722.143955,0.142398
7725.222651,0.142142
7728.301348,0.141886
7731.380044,0.141621
7734.458741,0.141350
7737.537437,0.141077
7740.616133,0.140805
7743.694830,0.140534
7746.773526,0.140263
7749.852223,0.139988
7752.930919,0.139709
7756.009615,0.139433
7759.088312,0.139166
7762.167008,0.138906
7765.245705,0.138644
7768.324401,0.138378
7771.403097,0.138115
7774.481794,0.137864
7777.560490,0.137628
7780.639187,0.137397
7783.717883,0.137158
7786.796579,0.136908
7789.875276,0.136650
7792.953972,0.136381
7796.032669,0.136103
7799.111365,0.135821
7802.190061,0.135547
7805.268758,0.135282
7808.347454,0.135020
7811.426151,0.134758
7814.504847,0.134501
7817.583544,0.134248
7820.662240,0.133990
7823.740936,0.133718
7826.819633,0.133436
7829.898329,0.133157
7832.977026,0.132892
7836.055722,0.132640
7839.134418,0.132391
7842.213115,0.132140
7845.291811,0.131889
7848.370508,0.131632
7851.449204,0.131369
7854.527900,0.131103
7857.606597,0.130845
7860.685293,0.130593
7863.763990,0.130337
7866.842686,0.130078
7869.921382,0.129828
7873.000079,0.129590
7876.078775,0.129357
7879.157472,0.129118
7882.236168,0.128875
7885.314864,0.128634
7888.393561,0.128387
7891.472257,0.128125
7894.550954,0.127845
7897.629650,0.127564
7900.708346,0.127297
7903.787043,0.127049
7906.865739,0.126811
7909.944436,0.126574
7913.023132,0.126330
7916.101828,0.126083
7919.180525,0.125844
7922.259221,0.125611
7925.337918,0.125375
7928.416614,0.125132
7931.495311,0.124884
7934.574007,0.124627
7937.652703,0.124353
7940.731400,0.124066
7943.810096,0.123792
7946.888793,0.123553
7949.967489,0.123343
7953.046185,0.123137
7956.124882,0.122914
7959.203578,0.122680
7962.282275,0.122450
7965.360971,0.122224
7968.439667,0.121991
7971.518364,0.121751
7974.597060,0.121508
7977.675757,0.121272
7980.754453,0.121045
7983.833149,0.120824
7986.911846,0.120593
7989.990542,0.120344
7993.069239,0.120081
7996.147935,0.119824
7999.226631,0.119585
8002.305328,0.119357
8005.384024,0.119133
8008.462721,0.118916
8011.541417,0.118713
8014.620113,0.118513
8017.698810,0.118297
8020.777506,0.118064
8023.856203,0.117829
8026.934899,0.117597
8030.013596,0.117364
8033.092292,0.117127
8036.170988,0.116890
8039.249685,0.116659
8042.328381,0.116432
8045.407078,0.116206
8048.485774,0.115982
8051.564470,0.115762
8054.643167,0.115548
8057.721863,0.115330
8060.800560,0.115099
8063.879256,0.114859
8066.957952,0.114620
8070.036649,0.114389
8073.115345,0.114167
8076.194042,0.113949
8079.272738,0.113728
8082.351434,0.113499
8085.430131,0.113266
8088.508827,0.113031
8091.587524,0.112795
8094.666220,0.112564
8097.744916,0.112346
8100.823613,0.112144
8103.902309,0.111942
8106.981006,0.111727
8110.059702,0.111497
8113.138398,0.111267
8116.217095,0.111045
8119.295791,0.110833
8122.374488,0.110627
8125.453184,0.110425
8128.531881,0.110228
8131.610577,0.110035
8134.689273,0.109840
8137.767970,0.109639
8140.846666,0.109432
8143.925363,0.109224
8147.004059,0.109017
8150.082755,0.108807
8153.161452,0.108588
8156.240148,0.108365
8159.318845,0.108143
8162.397541,0.107927
8165.476237,0.107718
8168.554934,0.107511
8171.633630,0.107299
8174.712327,0.107079
8177.791023,0.106855
8180.869719,0.106630
8183.948416,0.106406
8187.027112,0.106186
8190.105809,0.105973
8193.184505,0.105770
8196.263201,0.105573
8199.341898,0.105373
8202.420594,0.105171
8205.499291,0.104971
8208.577987,0.104771
8211.656683,0.104558
8214.735380,0.104323
8217.814076,0.104081
8220.892773,0.103856
8223.971469,0.103658
8227.050166,0.103479
8230.128862,0.103301
8233.207558,0.103107
8236.286255,0.102897
8239.364951,0.102679
8242.443648,0.102466
8245.522344,0.102266
8248.601040,0.102076
8251.679737,0.101886
8254.758433,0.101686
8257.837130,0.101476
8260.915826,0.101263
8263.994522,0.101055
8267.073219,0.100848
8270.151915,0.100635
8273.230612,0.100419
8276.309308,0.100213
8279.388004,0.100021
8282.466701,0.099839
8285.545397,0.099658
8288.624094,0.099474
8291.702790,0.099285
8294.781486,0.099092
8297.860183,0.098896
8300.938879,0.098698
8304.017576,0.098503
8307.096272,0.098312
8310.174968,0.098127
8313.253665,0.097943
8316.332361,0.097755
8319.411058,0.097560
8322.489754,0.097363
8325.568451,0.097170
8328.647147,0.096981
8331.725843,0.096792
8334.804540,0.096603
8337.883236,0.096415
8340.961933,0.096224
8344.040629,0.096027
8347.119325,0.095827
8350.198022,0.095628
8353.276718,0.095430
8356.355415,0.095235
8359.434111,0.095048
8362.512807,0.094867
8365.591504,0.094689
8368.670200,0.094517
8371.748897,0.094351
8374.827593,0.094182
8377.906289,0.093998
8380.984986,0.093799
8384.063682,0.093596
8387.142379,0.093403
8390.221075,0.093226
8393.299771,0.093058
8396.378468,0.092888
8399.457164,0.092704
8402.535861,0.092506
8405.614557,0.092307
8408.693253,0.092115
8411.771950,0.091931
8414.850646,0.091752
8417.929343,0.091576
8421.008039,0.091403
8424.086735,0.091228
8427.165432,0.091048
8430.244128,0.090866
8433.322825,0.090690
8436.401521,0.090517
8439.480218,0.090342
8442.558914,0.090169
8445.637610,0.089997
8448.716307,0.089815
8451.795003,0.089619
8454.873700,0.089418
8457.952396,0.089228
8461.031092,0.089057
8464.109789,0.088902
8467.188485,0.088745
8470.267182,0.088572
8473.345878,0.088391
8476.424574,0.088223
8479.503271,0.088071
8482.581967,0.087919
8485.660664,0.087747
8488.739360,0.087558
8491.818056,0.087361
8494.896753,0.087170
8497.975449,0.086991
8501.054146,0.086827
8504.132842,0.086673
8507.211538,0.086516
8510.290235,0.086348
8513.368931,0.086166
8516.447628,0.085976
8519.526324,0.085788
8522.605020,0.085610
8525.683717,0.085447
8528.762413,0.085297
8531.841110,0.085148
8534.919806,0.084985
8537.998503,0.084803
8541.077199,0.084615
8544.155895,0.084434
8547.234592,0.084259
8550.313288,0.084089
8553.391985,0.083932
8556.470681,0.083797
8559.549377,0.083672
8562.628074,0.083537
8565.706770,0.083380
8568.785467,0.083209
8571.864163,0.083039
8574.942859,0.082879
8578.021556,0.082729
8581.100252,0.082580
8584.178949,0.082422
8587.257645,0.082250
8590.336341,0.082067
8593.415038,0.081886
8596.493734,0.081707
8599.572431,0.081527
8602.651127,0.081349
8605.729823,0.081182
8608.808520,0.081030
8611.887216,0.080878
8614.965913,0.080715
8618.044609,0.080540
8621.123305,0.080365
8624.202002,0.080199
8627.280698,0.080045
8630.359395,0.079896
8633.438091,0.079743
8636.516788,0.079590
8639.595484,0.079444
8642.674180,0.079298
8645.752877,0.079136
8648.831573,0.078963
8651.910270,0.078797
8654.988966,0.078648
8658.067662,0.078503
8661.146359,0.078349
8664.225055,0.078187
8667.303752,0.078013
8670.382448,0.077809
8673.461144,0.077584
8676.539841,0.077384
8679.618537,0.077250
8682.697234,0.077165
8685.775930,0.077077
8688.854626,0.076954
8691.933323,0.076789
8695.012019,0.076599
8698.090716,0.076417
8701.169412,0.076272
8704.248108,0.076156
8707.326805,0.076032
8710.405501,0.075872
8713.484198,0.075672
8716.562894,0.075456
8719.641590,0.075261
8722.720287,0.075113
8725.798983,0.075002
8728.877680,0.074893
8731.956376,0.074755
8735.035073,0.074587
8738.113769,0.074424
8741.192465,0.074307
8744.271162,0.074235
8747.349858,0.074168
8750.428555,0.074065
8753.507251,0.073918
8756.585947,0.073741
8759.664644,0.073549
8762.743340,0.073361
8765.822037,0.073199
8768.900733,0.073073
8771.979429,0.072970
8775.058126,0.072864
8778.136822,0.072733
8781.215519,0.072574
8784.294215,0.072414
8787.372911,0.072277
8790.451608,0.072158
8793.530304,0.072015
8796.609001,0.071816
8799.687697,0.071574
8802.766393,0.071325
8805.845090,0.071066
8808.923786,0.070778
8812.002483,0.070528
8815.081179,0.070413
8818.159875,0.070427
8821.238572,0.070470
8824.317268,0.070474
8827.395965,0.070430
8830.474661,0.070347
8833.553358,0.070233
8836.632054,0.070101
8839.710750,0.069958
8842.789447,0.069797
8845.868143,0.069602
8848.946840,0.069388
8852.025536,0.069202
8855.104232,0.069071
8858.182929,0.068960
8861.261625,0.068821
8864.340322,0.068658
8867.419018,0.068521
8870.497714,0.068430
8873.576411,0.068344
8876.655107,0.068198
8879.733804,0.067985
8882.812500,0.067770
8885.891196,0.067632
8888.969893,0.067576
8892.048589,0.067512
8895.127286,0.067373
8898.205982,0.067188
8901.284678,0.067010
8904.363375,0.066834
8907.442071,0.066651
8910.520768,0.066496
8913.599464,0.066400
8916.678160,0.066340
8919.756857,0.066272
8922.835553,0.066178
8925.914250,0.066066
8928.992946,0.065949
8932.071642,0.065826
8935.150339,0.065701
8938.229035,0.065588
8941.307732,0.065493
8944.386428,0.065399
8947.465125,0.065277
8950.543821,0.065128
8953.622517,0.064980
8956.701214,0.064862
8959.779910,0.064767
8962.858607,0.064669
8965.937303,0.064557
8969.015999,0.064442
8972.094696,0.064329
8975.173392,0.064214
8978.252089,0.064094
8981.330785,0.063976
8984.409481,0.063860
8987.488178,0.063741
8990.566874,0.063618
8993.645571,0.063499
8996.724267,0.063385
8999.802963,0.063269
9002.881660,0.063148
9005.960356,0.063019
9009.039053,0.062887
9012.117749,0.062758
9015.196445,0.062637
9018.275142,0.062520
9021.353838,0.062403
9024.432535,0.062284
9027.511231,0.062167
9030.589927,0.062053
9033.668624,0.061934
9036.747320,0.061804
9039.826017,0.061666
9042.904713,0.061528
9045.983410,0.061400
9049.062106,0.061280
9052.140802,0.061169
9055.219499,0.061064
9058.298195,0.060962
9061.376892,0.060859
9064.455588,0.060745
9067.534284,0.060619
9070.612981,0.060485
9073.691677,0.060346
9076.770374,0.060207
9079.849070,0.060078
9082.927766,0.059965
9086.006463,0.059861
9089.085159,0.059753
9092.163856,0.059636
9095.242552,0.059517
9098.321248,0.059402
9101.399945,0.059294
9104.478641,0.059188
9107.557338,0.059076
9110.636034,0.058952
9113.714730,0.058822
9116.793427,0.058697
9119.872123,0.058578
9122.950820,0.058460
9126.029516,0.058338
9129.108212,0.058215
9132.186909,0.058092
9135.265605,0.057969
9138.344302,0.057842
9141.422998,0.057712
9144.501695,0.057581
9147.580391,0.057453
9150.659087,0.057336
9153.737784,0.057229
9156.816480,0.057126
9159.895177,0.057022
9162.973873,0.056918
9166.052569,0.056815
9169.131266,0.056705
9172.209962,0.056585
9175.288659,0.056456
9178.367355,0.056326
9181.446051,0.056203
9184.524748,0.056091
9187.603444,0.055988
9190.682141,0.055887
9193.760837,0.055785
9196.839533,0.055682
9199.918230,0.055584
9202.996926,0.055488
9206.075623,0.055388
9209.154319,0.055281
9212.233015,0.055164
9215.311712,0.055042
9218.390408,0.054922
9221.469105,0.054814
9224.547801,0.054718
9227.626497,0.054617
9230.705194,0.054505
9233.783890,0.054388
9236.862587,0.054279
9239.941283,0.054177
9243.019980,0.054074
9246.098676,0.053969
9249.177372,0.053863
9252.256069,0.053761
9255.334765,0.053658
9258.413462,0.053549
9261.492158,0.053436
9264.570854,0.053329
9267.649551,0.053231
9270.728247,0.053141
9273.806944,0.053052
9276.885640,0.052954
9279.964336,0.052840
9283.043033,0.052719
9286.121729,0.052602
9289.200426,0.052495
9292.279122,0.052390
9295.357818,0.052283
9298.436515,0.052173
9301.515211,0.052066
9304.593908,0.051964
9307.672604,0.051871
9310.751300,0.051781
9313.829997,0.051684
9316.908693,0.051574
9319.987390,0.051463
9323.066086,0.051363
9326.144782,0.051271
9329.223479,0.051173
9332.302175,0.051068
9335.380872,0.050963
9338.459568,0.050859
9341.538265,0.050750
9344.616961,0.050634
9347.695657,0.050525
9350.774354,0.050437
9353.853050,0.050367
9356.931747,0.050293
9360.010443,0.050195
9363.089139,0.050075
9366.167836,0.049950
9369.246532,0.049835
9372.325229,0.049733
9375.403925,0.049642
9378.482621,0.049551
9381.561318,0.049454
9384.640014,0.049353
9387.718711,0.049253
9390.797407,0.049156
9393.876103,0.049063
9396.954800,0.048973
9400.033496,0.048884
9403.112193,0.048793
9406.190889,0.048702
9409.269585,0.048611
9412.348282,0.048517
9415.426978,0.048421
9418.505675,0.048323
9421.584371,0.048225
9424.663067,0.048130
9427.741764,0.048036
9430.820460,0.047940
9433.899157,0.047844
9436.977853,0.047750
9440.056549,0.047649
9443.135246,0.047535
9446.213942,0.047416
9449.292639,0.047312
9452.371335,0.047230
9455.450032,0.047153
9458.528728,0.047066
9461.607424,0.046970
9464.686121,0.046873
9467.764817,0.046777
9470.843514,0.046684
9473.922210,0.046598
9477.000906,0.046518
9480.079603,0.046435
9483.158299,0.046343
9486.236996,0.046249
9489.315692,0.046158
9492.394388,0.046066
9495.473085,0.045971
9498.551781,0.045877
9501.630478,0.045788
9504.709174,0.045701
9507.787870,0.045613
9510.866567,0.045526
9513.945263,0.045440
9517.023960,0.045356
9520.102656,0.045271
9523.181352,0.045183
9526.260049,0.045093
9529.338745,0.045002
9532.417442,0.044916
9535.496138,0.044835
9538.574834,0.044755
9541.653531,0.044670
9544.732227,0.044581
9547.810924,0.044492
9550.889620,0.044402
9553.968317,0.044315
9557.047013,0.044229
9560.125709,0.044137
9563.204406,0.044037
9566.283102,0.043938
9569.361799,0.043851
9572.440495,0.043775
9575.519191,0.043699
9578.597888,0.043614
9581.676584,0.043522
9584.755281,0.043429
9587.833977,0.043339
9590.912673,0.043250
9593.991370,0.043161
9597.070066,0.043077
9600.148763,0.042993
9603.227459,0.042904
9606.306155,0.042811
9609.384852,0.042723
9612.463548,0.042647
9615.542245,0.042578
9618.620941,0.042504
9621.699637,0.042418
9624.778334,0.042330
9627.857030,0.042250
9630.935727,0.042175
9634.014423,0.042095
9637.093119,0.042009
9640.171816,0.041924
9643.250512,0.041848
9646.329209,0.041777
9649.407905,0.041710
9652.486602,0.041640
9655.565298,0.041564
9658.643994,0.041480
9661.722691,0.041389
9664.801387,0.041295
9667.880084,0.041205
9670.958780,0.041120
9674.037476,0.041040
9677.116173,0.040964
9680.194869,0.040886
9683.273566,0.040803
9686.352262,0.040719
9689.430958,0.040641
9692.509655,0.040571
9695.588351,0.040505
9698.667048,0.040436
9701.745744,0.040354
9704.824440,0.040249
9707.903137,0.040132
9710.981833,0.040027
9714.060530,0.039947
9717.139226,0.039881
9720.217922,0.039815
9723.296619,0.039739
9726.375315,0.039655
9729.454012,0.039575
9732.532708,0.039508
9735.611404,0.039455
9738.690101,0.039399
9741.768797,0.039330
9744.847494,0.039247
9747.926190,0.039160
9751.004887,0.039073
9754.083583,0.038989
9757.162279,0.038909
9760.240976,0.038835
9763.319672,0.038764
9766.398369,0.038693
9769.477065,0.038616
9772.555761,0.038531
9775.634458,0.038441
9778.713154,0.038351
9781.791851,0.038272
9784.870547,0.038205
9787.949243,0.038146
9791.027940,0.038087
9794.106636,0.038024
9797.185333,0.037951
9800.264029,0.037872
9803.342725,0.037794
9806.421422,0.037722
9809.500118,0.037653
9812.578815,0.037577
9815.657511,0.037493
9818.736207,0.037408
9821.814904,0.037332
9824.893600,0.037270
9827.972297,0.037217
9831.050993,0.037157
9834.129689,0.037082
9837.208386,0.036999
9840.287082,0.036922
9843.365779,0.036856
9846.444475,0.036791
9849.523172,0.036717
9852.601868,0.036637
9855.680564,0.036561
9858.759261,0.036487
9861.837957,0.036406
9864.916654,0.036319
9867.995350,0.036238
9871.074046,0.036172
9874.152743,0.036118
9877.231439,0.036066
9880.310136,0.036006
9883.388832,0.035937
9886.467528,0.035857
9889.546225,0.035772
9892.624921,0.035688
9895.703618,0.035613
9898.782314,0.035543
9901.861010,0.035476
9904.939707,0.035412
9908.018403,0.035347
9911.097100,0.035278
9914.175796,0.035210
9917.254492,0.035145
9920.333189,0.035080
9923.411885,0.035012
9926.490582,0.034940
9929.569278,0.034867
9932.647974,0.034797
9935.726671,0.034728
9938.805367,0.034659
9941.884064,0.034594
9944.962760,0.034539
9948.041456,0.034497
9951.120153,0.034452
9954.198849,0.034387
9957.277546,0.034301
9960.356242,0.034209
9963.434939,0.034128
9966.513635,0.034063
9969.592331,0.034009
9972.671028,0.033952
9975.749724,0.033885
9978.828421,0.033808
9981.907117,0.033730
9984.985813,0.033659
9988.064510,0.033595
9991.143206,0.033535
9994.221903,0.033469
9997.300599,0.033399
10000.379295,0.033329
10003.457992,0.033263
10006.536688,0.033201
10009.615385,0.033143
10012.694081,0.033084
10015.772777,0.033016
10018.851474,0.032936
10021.930170,0.032849
10025.008867,0.032771
10028.087563,0.032705
10031.166259,0.032640
10034.244956,0.032570
10037.323652,0.032498
10040.402349,0.032438
10043.481045,0.032388
10046.559741,0.032337
10049.638438,0.032276
10052.717134,0.032208
10055.795831,0.032145
10058.874527,0.032085
10061.953224,0.032021
10065.031920,0.031946
10068.110616,0.031868
10071.189313,0.031797
10074.268009,0.031732
10077.346706,0.031668
10080.425402,0.031603
10083.504098,0.031542
10086.582795,0.031488
10089.661491,0.031440
10092.740188,0.031392
10095.818884,0.031339
10098.897580,0.031274
10101.976277,0.031197
10105.054973,0.031122
10108.133670,0.031059
10111.212366,0.031006
10114.291062,0.030954
10117.369759,0.030904
10120.448455,0.030860
10123.527152,0.030816
10126.605848,0.030760
10129.684544,0.030691
10132.763241,0.030616
10135.841937,0.030545
10138.920634,0.030478
10141.999330,0.030415
10145.078026,0.030352
10148.156723,0.030287
10151.235419,0.030221
10154.314116,0.030157
10157.392812,0.030092
10160.471509,0.030023
10163.550205,0.029956
10166.628901,0.029896
10169.707598,0.029842
10172.786294,0.029790
10175.864991,0.029745
10178.943687,0.029705
10182.022383,0.029659
10185.101080,0.029599
10188.179776,0.029531
10191.258473,0.029471
10194.337169,0.029420
10197.415865,0.029366
10200.494562,0.029308
10203.573258,0.029250
10206.651955,0.029197
10209.730651,0.029139
10212.809347,0.029073
10215.888044,0.029000
10218.966740,0.028928
10222.045437,0.028868
10225.124133,0.028822
10228.202829,0.028780
10231.281526,0.028726
10234.360222,0.028660
10237.438919,0.028593
10240.517615,0.028529
10243.596311,0.028464
10246.675008,0.028403
10249.753704,0.028357
10252.832401,0.028323
10255.911097,0.028285
10258.989794,0.028230
10262.068490,0.028160
10265.147186,0.028087
10268.225883,0.028019
10271.304579,0.027955
10274.383276,0.027894
10277.461972,0.027839
10280.540668,0.027792
10283.619365,0.027748
10286.698061,0.027702
10289.776758,0.027655
10292.855454,0.027609
10295.934150,0.027561
10299.012847,0.027504
10302.091543,0.027441
10305.170240,0.027382
10308.248936,0.027337
10311.327632,0.027296
10314.406329,0.027242
10317.485025,0.027175
10320.563722,0.027111
10323.642418,0.027059
10326.721114,0.027016
10329.799811,0.026971
10332.878507,0.026923
10335.957204,0.026876
10339.035900,0.026826
10342.114596,0.026766
10345.193293,0.026696
10348.271989,0.026629
10351.350686,0.026575
10354.429382,0.026530
10357.508078,0.026490
10360.586775,0.026448
10363.665471,0.026404
10366.744168,0.026355
10369.822864,0.026297
10372.901561,0.026230
10375.980257,0.026167
10379.058953,0.026113
10382.137650,0.026063
10385.216346,0.026013
10388.295043,0.025967
10391.373739,0.025930
10394.452435,0.025892
10397.531132,0.025836
10400.609828,0.025761
10403.688525,0.025695
10406.767221,0.025669
10409.845917,0.025677
10412.924614,0.025679
10416.003310,0.025634
10419.082007,0.025541
10422.160703,0.025433
10425.239399,0.025344
10428.318096,0.025285
10431.396792,0.025245
10434.475489,0.025211
10437.554185,0.025175
10440.632881,0.025136
10443.711578,0.025100
10446.790274,0.025072
10449.868971,0.025040
10452.947667,0.024982
10456.026363,0.024904
10459.105060,0.024830
10462.183756,0.024774
10465.262453,0.024720
10468.341149,0.024657
10471.419846,0.024593
10474.498542,0.024539
10477.577238,0.024496
10480.655935,0.024463
10483.734631,0.024448
10486.813328,0.024448
10489.892024,0.024445
10492.970720,0.024423
10496.049417,0.024371
10499.128113,0.024290
10502.206810,0.024204
10505.285506,0.024148
10508.364202,0.024120
10511.442899,0.024082
10514.521595,0.024015
10517.600292,0.023944
10520.678988,0.023900
10523.757684,0.023882
10526.836381,0.023866
10529.915077,0.023831
10532.993774,0.023771
10536.072470,0.023693
10539.151166,0.023600
10542.229863,0.023502
10545.308559,0.023420
10548.387256,0.023371
10551.465952,0.023344
10554.544648,0.023317
10557.623345,0.023285
10560.702041,0.023248
10563.780738,0.023212
10566.859434,0.023175
10569.938131,0.023131
10573.016827,0.023089
10576.095523,0.023063
10579.174220,0.023042
10582.252916,0.022990
10585.331613,0.022892
10588.410309,0.022786
10591.489005,0.022720
10594.567702,0.022698
10597.646398,0.022683
10600.725095,0.022644
10603.803791,0.022591
10606.882487,0.022553
10609.961184,0.022540
10613.039880,0.022530
10616.118577,0.022490
10619.197273,0.022418
10622.275969,0.022336
10625.354666,0.022274
10628.433362,0.022235
10631.512059,0.022205
10634.590755,0.022168
10637.669451,0.022120
10640.748148,0.022070
10643.826844,0.022027
10646.905541,0.022000
10649.984237,0.021990
10653.062933,0.021981
10656.141630,0.021946
10659.220326,0.021886
10662.299023,0.021821
10665.377719,0.021765
10668.456416,0.021732
10671.535112,0.021729
10674.613808,0.021738
10677.692505,0.021713
10680.771201,0.021645
10683.849898,0.021582
10686.928594,0.021557
10690.007290,0.021535
10693.085987,0.021467
10696.164683,0.021360
10699.243380,0.021267
10702.322076,0.021225
10705.400772,0.021220
10708.479469,0.021203
10711.558165,0.021148
10714.636862,0.021075
10717.715558,0.021014
10720.794254,0.020966
10723.872951,0.020925
10726.951647,0.020887
10730.030344,0.020851
10733.109040,0.020819
10736.187736,0.020790
10739.266433,0.020763
10742.345129,0.020738
10745.423826,0.020727
10748.502522,0.020730
10751.581218,0.020728
10754.659915,0.020686
10757.738611,0.020599
10760.817308,0.020499
10763.896004,0.020435
10766.974701,0.020418
10770.053397,0.020417
10773.132093,0.020385
10776.210790,0.020313
10779.289486,0.020243
10782.368183,0.020214
10785.446879,0.020219
10788.525575,0.020215
10791.604272,0.020169
10794.682968,0.020085
10797.761665,0.019990
10800.840361,0.019913
10803.919057,0.019865
10806.997754,0.019837
10810.076450,0.019818
10813.155147,0.019810
10816.233843,0.019820
10819.312539,0.019844
10822.391236,0.019860
10825.469932,0.019842
10828.548629,0.019778
10831.627325,0.019677
10834.706021,0.019570
10837.784718,0.019484
10840.863414,0.019423
10843.942111,0.019377
10847.020807,0.019343
10850.099503,0.019326
10853.178200,0.019335
10856.256896,0.019355
10859.335593,0.019350
10862.414289,0.019306
10865.492985,0.019248
10868.571682,0.019192
10871.650378,0.019131
10874.729075,0.019073
10877.807771,0.019039
10880.886468,0.019029
10883.965164,0.019018
10887.043860,0.018995
10890.122557,0.018964
10893.201253,0.018926
10896.279950,0.018876
10899.358646,0.018815
10902.437342,0.018739
10905.516039,0.018657
10908.594735,0.018592
10911.673432,0.018558
10914.752128,0.018547
10917.830824,0.018541
10920.909521,0.018521
10923.988217,0.018479
10927.066914,0.018423
10930.145610,0.018376
10933.224306,0.018346
10936.303003,0.018317
10939.381699,0.018271
10942.460396,0.018220
10945.539092,0.018189
10948.617788,0.018180
10951.696485,0.018163
10954.775181,0.018113
10957.853878,0.018040
10960.932574,0.017969
10964.011270,0.017910
10967.089967,0.017865
10970.168663,0.017836
10973.247360,0.017821
10976.326056,0.017808
10979.404753,0.017790
10982.483449,0.017773
10985.562145,0.017751
10988.640842,0.017714
10991.719538,0.017662
10994.798235,0.017609
10997.876931,0.017558
11000.955627,0.017508
11004.034324,0.017464
11007.113020,0.017430
11010.191717,0.017408
11013.270413,0.017391
11016.349109,0.017366
11019.427806,0.017324
11022.506502,0.017278
11025.585199,0.017243
11028.663895,0.017218
11031.742591,0.017192
11034.821288,0.017154
11037.899984,0.017109
11040.978681,0.017061
11044.057377,0.017012
11047.136073,0.016966
11050.214770,0.016932
11053.293466,0.016910
11056.372163,0.016885
11059.450859,0.016855
11062.529555,0.016824
11065.608252,0.016795
11068.686948,0.016762
11071.765645,0.016723
11074.844341,0.016681
11077.923038,0.016641
11081.001734,0.016605
11084.080430,0.016572
11087.159127,0.016542
11090.237823,0.016518
11093.316520,0.016493
11096.395216,0.016462
11099.473912,0.016421
11102.552609,0.016377
11105.631305,0.016337
11108.710002,0.016303
11111.788698,0.016276
11114.867394,0.016253
11117.946091,0.016229
11121.024787,0.016199
11124.103484,0.016163
11127.182180,0.016123
11130.260876,0.016084
11133.339573,0.016047
11136.418269,0.016012
11139.496966,0.015976
11142.575662,0.015941
11145.654358,0.015911
11148.733055,0.015881
11151.811751,0.015842
11154.890448,0.015796
11157.969144,0.015753
11161.047840,0.015725
11164.126537,0.015711
11167.205233,0.015699
11170.283930,0.015676
11173.362626,0.015637
11176.441323,0.015587
11179.520019,0.015537
11182.598715,0.015494
11185.677412,0.015458
11188.756108,0.015430
11191.834805,0.015408
11194.913501,0.015391
11197.992197,0.015369
11201.070894,0.015339
11204.149590,0.015307
11207.228287,0.015275
11210.306983,0.015241
11213.385679,0.015208
11216.464376,0.015181
11219.543072,0.015163
11222.621769,0.015143
11225.700465,0.015114
11228.779161,0.015076
11231.857858,0.015038
11234.936554,0.015003
11238.015251,0.014974
11241.093947,0.014950
11244.172643,0.014927
11247.251340,0.014902
11250.330036,0.014874
11253.408733,0.014849
11256.487429,0.014827
11259.566125,0.014807
11262.644822,0.014786
11265.723518,0.014761
11268.802215,0.014725
11271.880911,0.014682
11274.959608,0.014639
11278.038304,0.014602
11281.117000,0.014567
11284.195697,0.014530
11287.274393,0.014493
11290.353090,0.014459
11293.431786,0.014428
11296.510482,0.014397
11299.589179,0.014367
11302.667875,0.014341
11305.746572,0.014316
11308.825268,0.014290
11311.903964,0.014271
11314.982661,0.014265
11318.061357,0.014265
11321.140054,0.014263
11324.218750,0.014247
11327.297446,0.014214
11330.376143,0.014165
11333.454839,0.014112
11336.533536,0.014065
11339.612232,0.014022
11342.690928,0.013977
11345.769625,0.013932
11348.848321,0.013892
11351.927018,0.013864
11355.005714,0.013849
11358.084410,0.013844
11361.163107,0.013838
11364.241803,0.013824
11367.320500,0.013800
11370.399196,0.013766
11373.477892,0.013732
11376.556589,0.013707
11379.635285,0.013692
11382.713982,0.013672
11385.792678,0.013638
11388.871375,0.013596
11391.950071,0.013562
11395.028767,0.013539
11398.107464,0.013516
11401.186160,0.013486
11404.264857,0.013453
11407.343553,0.013423
11410.422249,0.013389
11413.500946,0.013348
11416.579642,0.013310
11419.658339,0.013286
11422.737035,0.013273
11425.815731,0.013259
11428.894428,0.013243
11431.973124,0.013226
11435.051821,0.013207
11438.130517,0.013180
11441.209213,0.013143
11444.287910,0.013105
11447.366606,0.013073
11450.445303,0.013051
11453.523999,0.013036
11456.602695,0.013020
11459.681392,0.012997
11462.760088,0.012968
11465.838785,0.012936
11468.917481,0.012904
11471.996177,0.012871
11475.074874,0.012838
11478.153570,0.012807
11481.232267,0.012779
11484.310963,0.012757
11487.389660,0.012734
11490.468356,0.012709
11493.547052,0.012684
11496.625749,0.012661
11499.704445,0.012642
11502.783142,0.012627
11505.861838,0.012612
11508.940534,0.012591
11512.019231,0.012561
11515.097927,0.012529
11518.176624,0.012501
11521.255320,0.012473
11524.334016,0.012444
11527.412713,0.012412
11530.491409,0.012381
11533.570106,0.012349
11536.648802,0.012315
11539.727498,0.012281
11542.806195,0.012250
11545.884891,0.012225
11548.963588,0.012203
11552.042284,0.012178
11555.120980,0.012157
11558.199677,0.012146
11561.278373,0.012141
11564.357070,0.012133
11567.435766,0.012119
11570.514462,0.012106
11573.593159,0.012090
11576.671855,0.012064
11579.750552,0.012026
11582.829248,0.011986
11585.907945,0.011954
11588.986641,0.011930
11592.065337,0.011911
11595.144034,0.011892
11598.222730,0.011869
11601.301427,0.011841
11604.380123,0.011812
11607.458819,0.011784
11610.537516,0.011757
11613.616212,0.011729
11616.694909,0.011698
11619.773605,0.011666
11622.852301,0.011635
11625.930998,0.011613
11629.009694,0.011598
11632.088391,0.011583
11635.167087,0.011563
11638.245783,0.011542
11641.324480,0.011524
11644.403176,0.011507
11647.481873,0.011485
11650.560569,0.011457
11653.639265,0.011429
11656.717962,0.011406
11659.796658,0.011387
11662.875355,0.011367
11665.954051,0.011343
11669.032747,0.011316
11672.111444,0.011288
11675.190140,0.011260
11678.268837,0.011236
11681.347533,0.011218
11684.426230,0.011202
11687.504926,0.011182
11690.583622,0.011159
11693.662319,0.011134
11696.741015,0.011107
11699.819712,0.011078
11702.898408,0.011052
11705.977104,0.011034
11709.055801,0.011018
11712.134497,0.010997
11715.213194,0.010971
11718.291890,0.010951
11721.370586,0.010941
11724.449283,0.010931
11727.527979,0.010910
11730.606676,0.010874
11733.685372,0.010831
11736.764068,0.010792
11739.842765,0.010769
11742.921461,0.010762
11746.000158,0.010760
11749.078854,0.010748
11752.157550,0.010724
11755.236247,0.010693
11758.314943,0.010665
11761.393640,0.010645
11764.472336,0.010632
11767.551032,0.010619
11770.629729,0.010600
11773.708425,0.010576
11776.787122,0.010549
11779.865818,0.010522
11782.944515,0.010497
11786.023211,0.010473
11789.101907,0.010448
11792.180604,0.010422
11795.259300,0.010401
11798.337997,0.010385
11801.416693,0.010369
11804.495389,0.010344
11807.574086,0.010311
11810.652782,0.010280
11813.731479,0.010261
11816.810175,0.010252
11819.888871,0.010248
11822.967568,0.010236
11826.046264,0.010213
11829.124961,0.010183
11832.203657,0.010159
11835.282353,0.010144
11838.361050,0.010133
11841.439746,0.010117
11844.518443,0.010097
11847.597139,0.010075
11850.675835,0.010049
11853.754532,0.010016
11856.833228,0.009983
11859.911925,0.009959
11862.990621,0.009941
11866.069317,0.009926
11869.148014,0.009913
11872.226710,0.009906
11875.305407,0.009903
11878.384103,0.009897
11881.462799,0.009881
11884.541496,0.009857
11887.620192,0.009830
11890.698889,0.009803
11893.777585,0.009775
11896.856282,0.009749
11899.934978,0.009728
11903.013674,0.009710
11906.092371,0.009687
11909.171067,0.009660
11912.249764,0.009635
11915.328460,0.009618
11918.407156,0.009612
11921.485853,0.009613
11924.564549,0.009611
11927.643246,0.009600
11930.721942,0.009582
11933.800638,0.009556
11936.879335,0.009517
11939.958031,0.009469
11943.036728,0.009425
11946.115424,0.009398
11949.194120,0.009387
11952.272817,0.009375
11955.351513,0.009357
11958.430210,0.009338
11961.508906,0.009323
11964.587602,0.009311
11967.666299,0.009297
11970.744995,0.009284
11973.823692,0.009274
11976.902388,0.009264
11979.981084,0.009250
11983.059781,0.009226
11986.138477,0.009198
11989.217174,0.009172
11992.295870,0.009149
11995.374567,0.009120
